URL,Keywords
https://nips.cc/virtual/2023/poster/72134,"['Explainable Artificial Intelligence', 'Feature Interaction', 'Shapley Interaction', 'Shapley Value']"
https://nips.cc/virtual/2023/poster/74159,"['Explainable AI', 'Unsupervised Learning', 'Feature Importance', 'Example Importance']"
https://nips.cc/virtual/2023/poster/70181,['Physical Audiovisual；Commonsense Reasoning']
https://nips.cc/virtual/2023/poster/73495,['Semantic Segmentation']
https://nips.cc/virtual/2023/poster/70998,"['Interpretability', 'Feature Interactions', ""Stein's Lemma""]"
https://nips.cc/virtual/2023/poster/73478,"['Interpretability', 'Explainability', 'Dataset', 'Benchmark', 'LLMs', 'LM Agents', 'Language Model']"
https://nips.cc/virtual/2023/poster/72785,"['temporal event sequences', 'causal inference', 'transformer', 'causal knowledge graph']"
https://nips.cc/virtual/2023/poster/71571,"['Interpretable Machine Learning', 'Generalized Additive Models', 'Concurvity', 'Multicollinearity', 'Regularization', 'Time-Series Forecasting', 'Interpretability']"
https://nips.cc/virtual/2023/poster/73882,"['Reinforcement Learning', 'Language Models', 'History Compression', 'Partial Observability', 'Foundation Models', 'Interpretability', 'Explainable AI']"
https://nips.cc/virtual/2023/poster/72642,"['part-based learning', 'interpretability', 'few-shot learning', 'vision transformers']"
https://nips.cc/virtual/2023/poster/73690,"['explanation', 'attribution', 'XAI', 'faithfulness evaluation', 'benchmark']"
https://nips.cc/virtual/2023/poster/72697,"['Computational Neuroscience', 'Neural Data Analysis', 'Statistical Shape Metrics', 'Representational Similarity Analysis', 'Recurrent Neural Networks', 'Dynamical Systems']"
https://nips.cc/virtual/2023/poster/71905,"['explainability', 'efficiency', 'voting', 'distortion', 'randomized decision-making']"
https://nips.cc/virtual/2023/poster/70129,"['Transformers', 'Context-pruning', 'Efficient Transformer']"
https://nips.cc/virtual/2023/poster/71029,"['fMRI', 'Swin Transformer', '4D', 'neuroscience']"
https://nips.cc/virtual/2023/poster/74164,"['rescience c', 'machine learning', 'decision tree', 'random forest', 'post-hoc regularization', 'Python']"
https://nips.cc/virtual/2023/poster/73597,"['human-centric', 'datasets', 'computer vision', 'fairness', 'algorithmic bias', 'robustness', 'responsible AI']"
https://nips.cc/virtual/2023/poster/73694,"['multimodal datasets', 'dataset audit', 'hate speech detection', 'toxic content detection']"
https://nips.cc/virtual/2023/poster/70858,"['Explainable AI', 'Mechanistic Interpretability', 'Machine Learning', 'Deep Neural Networks']"
https://nips.cc/virtual/2023/poster/69867,"['robust pre-training', 'adversarial contrastive learning']"
https://nips.cc/virtual/2023/poster/70732,"['Program equilibrium', 'multi-agent learning', 'game theory', 'opponent shaping', 'superrationality', 'decision theory', 'cooperative AI', ""Newcomb's problem""]"
https://nips.cc/virtual/2023/poster/71409,"['Multi-view clustering', 'tensor Schatten p-norm', 'non-negative matrix factorization.']"
https://nips.cc/virtual/2023/poster/71530,"['Landmarks retrieval', 'non-fine-tuning', 'spatial verification', 'explainable AI', 'hypothesis and test']"
https://nips.cc/virtual/2023/poster/70432,"['interpretability', 'language models', 'NLP']"
https://nips.cc/virtual/2023/poster/71179,"['Human Centered Concepts', 'ML interpretability', 'XAI based Model Improvement', 'Debiasing']"
https://nips.cc/virtual/2023/poster/73533,"['Automatic speech recognition', 'language model rescoring', 'N-best Hypothesis list.']"
https://nips.cc/virtual/2023/poster/71665,"['neuro-symbolic', 'visual reasoning', 'human activity understanding']"
https://nips.cc/virtual/2023/poster/71105,"['structured matrices', 'transformers', 'efficiency']"
https://nips.cc/virtual/2023/poster/69885,"['unsupervised anomaly detection', 'global explanation', 'rule extraction']"
https://nips.cc/virtual/2023/poster/71753,"['mechanistic interpretability', 'transformers']"
https://nips.cc/virtual/2023/poster/72030,"['OOD Generalization', 'Invariant Representation Learning']"
https://nips.cc/virtual/2023/poster/70965,"['data-centric AI', 'data characterization', 'data quality']"
https://nips.cc/virtual/2023/poster/73475,"['Explainable Recommendation', 'Recommendation Dataset', 'Labeling Ground Truths']"
https://nips.cc/virtual/2023/poster/72388,"['treatment effect estimation', 'optimal transport', 'wasserstein', 'causal inference', 'counterfactual']"
https://nips.cc/virtual/2023/poster/70046,"['Visual relation detection', 'Zero-short learning', 'Scene graph generation']"
https://nips.cc/virtual/2023/poster/72868,"['Explainable Artificial Intelligence', 'Concept Bottleneck Models', 'Concept-based Explainability', 'Interpretability', 'XAI', 'Concept Interventions']"
https://nips.cc/virtual/2023/poster/71620,"['graph neural network', 'kernel method']"
https://nips.cc/virtual/2023/poster/71164,"['Medical imaging', 'segmentation', 'classification']"
https://nips.cc/virtual/2023/poster/71107,"['graph neural networks', 'brain age', ""Alzheimer's disease"", 'interpretability', 'explainability', 'computational neuroscience']"
https://nips.cc/virtual/2023/poster/71808,"['interpretability', 'benchmarking', 'auditing', 'diagnostics', 'debugging', 'adversarial attacks', 'feature synthesis']"
https://nips.cc/virtual/2023/poster/70197,"['interpretability', 'transformers', 'language models', 'RASP', 'Tracr', 'mechanistic interpretability']"
https://nips.cc/virtual/2023/poster/70760,"['video prediction', 'neural coding', 'symmetry discovery', 'self-supervised representation-learning']"
https://nips.cc/virtual/2023/poster/70983,"['Large Language Models', 'Causal Reasoning', 'Causal Inference', 'Benchmark Dataset', 'Natural Language Processing']"
https://nips.cc/virtual/2023/poster/71761,"['explainability', 'interpretability', 'decision tree', 'feature learning']"
https://nips.cc/virtual/2023/poster/71812,"['feature visualization', 'interpretability', 'explainability', 'deep learning', 'neural networks', 'analysis', 'activation maximization', 'psychophysics']"
https://nips.cc/virtual/2023/poster/72666,"['Mechanistic Interpretability', 'Pruning', 'Science of Deep Learning', 'AI Safety']"
https://nips.cc/virtual/2023/poster/70207,"['Emergent communication', 'Interactive', 'Question Answering']"
https://nips.cc/virtual/2023/poster/72988,"['representation learning', 'variational autoencoders', 'homeomorphism', 'topological', 'equivariant', 'lie groups', 'normalizing flows']"
https://nips.cc/virtual/2023/poster/71118,"['Natural language processing', 'large language models', 'XAI', 'explainability']"
https://nips.cc/virtual/2023/poster/70663,"['machine learning', 'calibration', 'simulation-based inference', 'neuroscience', 'normalizing flows', 'classifier two-sample tests']"
https://nips.cc/virtual/2023/poster/70206,"['Neuro-Symbolic Integration', 'Trustworthy AI', 'Concept Learning', 'Learning Shortcuts', 'Mitigation Strategies']"
https://nips.cc/virtual/2023/poster/71885,"['Explainable AI', 'Concept-based explainability', 'Interpretability', 'Concept extraction', 'Concept importance', 'Attribution methods']"
https://nips.cc/virtual/2023/poster/72331,"['Interpretability', 'Attribution Maps', 'Information Bottleneck', 'Multi-Modal Learning', 'Vision-Language Pretrained Models']"
https://nips.cc/virtual/2023/poster/70504,['Mechanistic Interpretability']
https://nips.cc/virtual/2023/poster/72292,"['GNN', 'Mean Embedding', 'Kernels', 'Atomistic Simulations', 'OCP', 'Transfer Learning', 'Molecular Dynamics', 'Kernel Ridge Regression', 'Neural Networks']"
https://nips.cc/virtual/2023/poster/70984,"['fairness', 'sensitive attributes', 'equalized odds', 'missing data', 'proxies']"
https://nips.cc/virtual/2023/poster/72517,"['causal inference', 'counterfactual inference', 'partial identification', 'sensitivity model', 'normalizing flows', 'causal machine learning']"
https://nips.cc/virtual/2023/poster/72241,"['3D decomposition', '3D reconstruction', 'MVS', 'primitives', 'qualitative 3D']"
https://nips.cc/virtual/2023/poster/71468,"['hypothesis testing', 'human-AI complementarity', 'machine learning for healthcare']"
https://nips.cc/virtual/2023/poster/73557,"['CommonCrawl', 'Low Resource Languages', 'Underrepresented Languages', 'Multilinguality', 'LLMs', 'Large Language Models', 'Machine Translation']"
https://nips.cc/virtual/2023/poster/71547,['Efficient Methods for NLP; Multi-exit Language Models; Adversarial Slowdown']
https://nips.cc/virtual/2023/poster/71213,"['Reinforcement learning', 'Imitation Learning', 'AI Safety', 'Interpretability']"
https://nips.cc/virtual/2023/poster/73519,"['Multi-modality', 'Large Language Model']"
https://nips.cc/virtual/2023/poster/69958,"['Explainability', 'Interpretability', 'Time Series', 'Explanations', 'Temporal patterns', 'Model Understanding', 'Latent space', 'Self-supervised learning']"
https://nips.cc/virtual/2023/poster/72817,"['computational neuroscience', 'neural manifolds', 'neuro-AI', 'statistical physics', 'representational geometry']"
https://nips.cc/virtual/2023/poster/71732,"['universal algebra', 'interpretability', 'graph neural networks', 'concept-based models']"
https://nips.cc/virtual/2023/poster/71655,"['multi-armed bandits', 'clustering', 'k-medoids', 'best-arm identification']"
https://nips.cc/virtual/2023/poster/70073,"['Reinforcement learning', 'sparse reward', 'return decomposition', 'causal modeling']"
https://nips.cc/virtual/2023/poster/69917,"['Gaussian Processes', 'Deep Gaussian Processes', 'non-stationary kernels']"
https://nips.cc/virtual/2023/poster/69929,"['Embodied AI', 'Interactive Navigation', 'Causal Reinforcement Learning', 'Hierarchical Reinforcement Learning']"
https://nips.cc/virtual/2023/poster/69930,"['knowledge-based visual question answering', 'task-oriented', 'active image understanding', 'large language model', 'visual reasoning', 'multi-round dialogue']"
https://nips.cc/virtual/2023/poster/71623,"['Anomaly Detection', 'Graph Neural Networks', 'Explanation', 'Self-Interpretation']"
https://nips.cc/virtual/2023/poster/70090,"['hierarchical image classification', 'hierarchical prompting', 'vision transformer']"
https://nips.cc/virtual/2023/poster/70381,"['Computational Neuroscience', 'Deep Neural Networks', 'Visual Neuroscience', 'Visual Streams', 'Scene Perception', 'Brain Imaging']"
https://nips.cc/virtual/2023/poster/70025,"['Structural Causal Models', 'Marginalization', 'Consolidation', 'Compression']"
https://nips.cc/virtual/2023/poster/70041,"['components analysis', 'unsupervised learning', 'Granger Causality']"
https://nips.cc/virtual/2023/poster/70459,"['neuro-symbolic approach', 'Temporal action segmentation', 'grammar']"
https://nips.cc/virtual/2023/poster/70539,"['Differential privacy auditing', 'multiple canaries', 'randomization', 'lifting', 'adaptive confidence intervals']"
https://nips.cc/virtual/2023/poster/70605,['Information transmission; Brain data analysis; Sensory processing; Partial information decomposition']
https://nips.cc/virtual/2023/poster/70625,"['Chain-of-Thought Reasoning', 'Multimodal Science Question Answering', 'Vision and Langauge']"
https://nips.cc/virtual/2023/poster/70264,"['Interpretability', 'Explainability', 'Network Dissection', 'Competitive Networks', 'Sparsity', 'Multimodal Models']"
https://nips.cc/virtual/2023/poster/70267,"['interpretability', 'causal inference', 'rationalization', 'self-explaining']"
https://nips.cc/virtual/2023/poster/70271,"['Causality', 'probability theory', 'causal models']"
https://nips.cc/virtual/2023/poster/70941,"['Intrinsic Interpretability', 'Graph Neural Networks', 'Pre-training and Fine-tuning']"
https://nips.cc/virtual/2023/poster/70975,"['Post-hoc Explainability', 'Explanation Evaluation', 'Graph Neural Network', 'Robustness Analysis']"
https://nips.cc/virtual/2023/poster/70730,"['Graph neural network', 'Explainable AI', 'Interpretability']"
https://nips.cc/virtual/2023/poster/70735,"['Gaussian process', 'Identifiability', 'Interpretability', 'Mixture kernel', 'Separable kernel']"
https://nips.cc/virtual/2023/poster/70762,"['transformers', 'computer vision', 'image classification', 'mechanistic interpretability', 'explainability']"
https://nips.cc/virtual/2023/poster/71073,"['Anomaly Detection', 'Transformer', 'Vector Quantization', 'Unsupervised Anomaly Detection']"
https://nips.cc/virtual/2023/poster/71075,"['Neurosymbolic Learning', 'Generative Modeling', 'Approximate Inference']"
https://nips.cc/virtual/2023/poster/71176,"['interpretability', 'fairness', 'concept erasure', 'representation', 'adversarial', 'robustness']"
https://nips.cc/virtual/2023/poster/71178,"['Logic rule', 'human actions', 'sports analyze']"
https://nips.cc/virtual/2023/poster/71180,"['Language-image consistency', 'prompt learning', 'image classification', 'CNN interpretation']"
https://nips.cc/virtual/2023/poster/71608,"['Cognitive modeling', 'neural networks', 'interpretability', 'disentangling', 'neuroscience', 'rodent behavior']"
https://nips.cc/virtual/2023/poster/71802,"['Transformer', 'Self Attention', 'Dyck Language', 'Context Free Grammar', 'Formal Language', 'Theory', 'Interpretability']"
https://nips.cc/virtual/2023/poster/71806,"['in-context learning', 'transformers', 'emergence', 'transience']"
https://nips.cc/virtual/2023/poster/71893,"['AI interpretability', 'explainable AI', 'deep learning theory']"
https://nips.cc/virtual/2023/poster/71942,"['Machine translation', 'Non-autoregressive generation', 'Probabilistic Context-free Grammar']"
https://nips.cc/virtual/2023/poster/72058,"['numerical methods', 'deep networks', 'evolution equations', 'scientific computing', 'partial differential equations', 'model reduction']"
https://nips.cc/virtual/2023/poster/71676,"['Semifactual Explanation', 'Counterfactual Explanation', 'Explainable AI', 'Recourse', 'User Study']"
https://nips.cc/virtual/2023/poster/71711,"['causality', 'causal inference', 'normalizing flows', 'identifiability', 'interventions', 'counterfactuals']"
https://nips.cc/virtual/2023/poster/71720,"['Point Cloud Segmentation', 'Prototypical Classifier', 'Unified Framework']"
https://nips.cc/virtual/2023/poster/71721,"['Offline Reinforcement Learning', 'Trajectory Optimization', 'Diffusion Models', 'Sequential Decision Making']"
https://nips.cc/virtual/2023/poster/71758,"['Reinforcement Learning', 'First-Order-Logic', 'Symbolic Abstraction', 'Interpretable Reinforcement Learning', 'Logic Reinforcement Learning']"
https://nips.cc/virtual/2023/poster/72454,"['1-Lipschitz neural network', 'explicability']"
https://nips.cc/virtual/2023/poster/72478,"['Machine Reading Comprehension', 'Pre-training', 'Natural Language Understanding']"
https://nips.cc/virtual/2023/poster/72481,['passive; causal; offline; agency; language models']
https://nips.cc/virtual/2023/poster/72483,"['Self-supervised Learning', 'Contrastive Learning', 'Identifiability', 'Representation Learning']"
https://nips.cc/virtual/2023/poster/72505,"['risk-averse RL', 'mean-variance RL']"
https://nips.cc/virtual/2023/poster/72760,"['Explainability', 'Temporal Graph Neural Network']"
https://nips.cc/virtual/2023/poster/72934,"['recommendation systems', 'causal effect', 'propensity score', 'propensity estimation']"
https://nips.cc/virtual/2023/poster/72274,"['Causal Embedding', 'Causal Discovery', 'Multivariate Functional Data', 'Directed Cyclic Graph', 'Causal Structure Learning', 'Bayesian Inference']"
https://nips.cc/virtual/2023/poster/72281,"['Generalized additive models', 'component selection', 'hierarchy', 'interpretability']"
https://nips.cc/virtual/2023/poster/72296,"['localization', 'model editing', 'mechanistic interpretability', 'language models']"
https://nips.cc/virtual/2023/poster/72323,"['audio editing', 'text-to-audio generation', 'diffusion models']"
https://nips.cc/virtual/2023/poster/72328,"['fairness', 'auditing', 'sequential analysis', 'martingales', 'testing by betting']"
https://nips.cc/virtual/2023/poster/72340,"['Disentagled representation learning', 'VAE', 'generative models', 'sparse mechanism shift', 'perturbation modeling', 'cellular modeling']"
https://nips.cc/virtual/2023/poster/72384,"['NLP', 'backdoor attack', 'fuzzing']"
https://nips.cc/virtual/2023/poster/72430,"['Generative Models', 'Graphical Models', 'Variational Inference', 'Amortized Inference']"
https://nips.cc/virtual/2023/poster/72951,"['Encoding Models', 'Language Models', 'Neuroscience', 'Scaling Laws']"
https://nips.cc/virtual/2023/poster/72958,"['Privacy', 'Membership Inference Attacks']"
https://nips.cc/virtual/2023/poster/73570,"['white blood cells', 'morphological attributes', 'microscopic image', 'explainable AI', 'computer vision']"
https://nips.cc/virtual/2023/poster/74184,"['Rescience c', 'Rescience x', 'Explainable AI', 'Graph Neural Networks', 'SubgraphX', 'Python']"
https://nips.cc/virtual/2023/poster/72687,"['Neuroscience and Cognitive Science', 'Neural Activity Forecasting', 'Graph Neural Network']"
https://nips.cc/virtual/2023/poster/72733,"['Explainable AI', 'interpretable ML', 'feature attributions', 'information theory', 'Shapley values']"
https://nips.cc/virtual/2023/poster/72978,"['Mutual Information', 'Invariance', 'Benchmark', 'Geometric Machine Learning']"
https://nips.cc/virtual/2023/poster/73036,['Spatio-temporal forecasting']
https://nips.cc/virtual/2023/poster/73453,"['text-to-image', 'image generation', 'multimodal', 'holistic evaluation', 'benchmarking', 'human evaluation']"
https://nips.cc/virtual/2023/poster/71192,"['Data Augmentation', 'Regression', 'Deep Learning']"
https://nips.cc/virtual/2023/poster/73661,['public health; population health; medical prescriptions; satellite imagery; satellite data; SDGs']
https://nips.cc/virtual/2023/poster/73544,"['natural language processing', 'data documentation', 'dataset curation', 'documentation practices']"
https://nips.cc/virtual/2023/poster/72075,"['explainable AI', 'feature visualization', 'interpretability', 'optimization']"
https://nips.cc/virtual/2023/poster/71378,"['EXplainable AI', 'Machine Learning', 'Computer Vision']"
https://nips.cc/virtual/2023/poster/70925,"['Differential privacy', 'membership inference attacks', 'privacy auditing']"
https://nips.cc/virtual/2023/poster/74161,"['Reproducibility', 'Interpretability', 'Proto2Proto', 'ProtoPNet', 'Prototypes', 'Knowledge distillation']"
https://nips.cc/virtual/2023/poster/70246,"['self-supervised learning', 'object detection']"
https://nips.cc/virtual/2023/poster/70746,"['Deep Learning', 'Multimodal Learning', 'Multi-task learning', 'Missingness', 'Interpretability']"
https://nips.cc/virtual/2023/poster/72800,"['interpretability', 'explainability', 'robustness', 'invariance', 'equivariance', 'geometric deep learning']"
https://nips.cc/virtual/2023/poster/72111,"['Language Models', 'Reasoning', 'Explanations']"
https://nips.cc/virtual/2023/poster/70668,"['Interpretability', 'concept bottleneck models', 'explainability']"
https://nips.cc/virtual/2023/poster/70379,"['Machine Learning Explainability', 'Machine Learning Interpretability']"
https://nips.cc/virtual/2023/poster/73908,OpenReview link not found.
https://nips.cc/virtual/2023/poster/72918,"['subgroup fairness', 'recourse', 'counterfactual explanations']"
https://nips.cc/virtual/2023/poster/73502,"['Deepfake Detection', 'Benchmark']"
https://nips.cc/virtual/2023/poster/73480,['Traffic Forecasting Benchmark Dataset']
https://nips.cc/virtual/2023/poster/72444,"['Information Maximization', 'Sparse Coding', 'Orthogonal Matching Pursuit', 'Explainable AI', 'Information Pursuit']"
https://nips.cc/virtual/2023/poster/72499,"['Object-Centric Learning', 'Multi-Object Representation Learning']"
https://nips.cc/virtual/2023/poster/72212,"['Explainability', 'Graph Neural Network', 'Diffusion Model']"
https://nips.cc/virtual/2023/poster/74172,"['Reproducibility', 'Feature Importance', 'Example Importance', 'Disentangled VAEs', 'Label-Free', 'Unsupervised', 'Post-Hoc Explainability']"
https://nips.cc/virtual/2023/poster/72338,"['trustworthy machine learning', 'deep neural networks', 'explainability', 'interpretability', 'formal methods', 'automated verification']"
https://nips.cc/virtual/2023/poster/71494,"['Safe Multi-agent Reinforcement Learning', 'constrained policy optimisation', 'first-order optimisation']"
https://nips.cc/virtual/2023/poster/71516,"['Adversarial attacks', 'data poisoning', 'online learning', 'optimal control', 'teacher-student setup', 'solvable model']"
https://nips.cc/virtual/2023/poster/71053,"['deep anomaly detection', 'zero-shot learning', 'batch normalization']"
https://nips.cc/virtual/2023/poster/71056,"['adversarial attacks', 'robustness', 'adversarial', 'attacks', 'deep learning', 'randomization', 'randomized ensembles']"
https://nips.cc/virtual/2023/poster/71079,"['Backdoor Attacks', 'Federated Learning', 'Durability', 'Imperceptibility', 'Stealthiness']"
https://nips.cc/virtual/2023/poster/71158,"['asymmetric certified robustness', 'input-convex neural networks']"
https://nips.cc/virtual/2023/poster/71785,"['Adversarial examples', 'Convolutional neural networks', 'Adversarial transferability', 'Backward propagation']"
https://nips.cc/virtual/2023/poster/71817,"['Adversarial examples', 'large language models', 'alignment']"
https://nips.cc/virtual/2023/poster/71818,"['Contrastive Learning', 'Adversarial Learning', 'Model Robustness']"
https://nips.cc/virtual/2023/poster/71827,"['Reinforcement Learning Theory', 'Safe reinforcement learning', 'Multi-agent reinforcement learning']"
https://nips.cc/virtual/2023/poster/71835,"['Model Inversion attacks', 'Generative models', 'Surrogate models', 'Knowledge transfer']"
https://nips.cc/virtual/2023/poster/71841,"['data augmentation', 'robustness', 'safety']"
https://nips.cc/virtual/2023/poster/71879,"['adversarial defense', 'ensemble diversity', 'robustness', 'curvature']"
https://nips.cc/virtual/2023/poster/71024,"['Reinforcement Learning', 'Safety Exploration']"
https://nips.cc/virtual/2023/poster/71372,"['out-of-distribution detection', 'distribution shifts', 'attribution gradients']"
https://nips.cc/virtual/2023/poster/71380,"['adversarial examples', 'adversarial transferability', 'black-box attack']"
https://nips.cc/virtual/2023/poster/71384,"['deep reinforcement learning', 'model uncertainty', 'safety', 'risk-averse', 'distributionally robust']"
https://nips.cc/virtual/2023/poster/72056,"['Robustness', 'Adversarial Samples', 'Diffusion Model']"
https://nips.cc/virtual/2023/poster/72092,"['Machine unlearning', 'new attack vector', 'Camouflaging poisoning attacks']"
https://nips.cc/virtual/2023/poster/72102,['Adversarial Attacks; Generative Attack; Transferable Targeted Attack']
https://nips.cc/virtual/2023/poster/72104,"['Adversarial Robustness', 'Out-of-distribution Generalization']"
https://nips.cc/virtual/2023/poster/72158,"['representation learning', 'supervised learning', 'human alignment', 'few-shot learning']"
https://nips.cc/virtual/2023/poster/72193,"['few-shot learning', 'prompt learning', 'language model', 'backdoor defense']"
https://nips.cc/virtual/2023/poster/71643,"['action recognition', 'unsupervised domain adaptation', 'video analysis']"
https://nips.cc/virtual/2023/poster/71700,"['Adaptive Data Analysis', 'Differential Privacy', 'Statistical Queries']"
https://nips.cc/virtual/2023/poster/71713,"['Large Language Models', 'Text Detection', 'Adversarial Learning', 'Paraphrase']"
https://nips.cc/virtual/2023/poster/71718,"['adversarial attack', 'adversarial purification', 'adversarial robustness', 'diffusion model']"
https://nips.cc/virtual/2023/poster/71728,"['video quality assessment', 'adversarial attack', 'black-box', 'just noticeable difference']"
https://nips.cc/virtual/2023/poster/71757,"['adversarial robustness', 'deep learning', 'vision transformers', 'convnext']"
https://nips.cc/virtual/2023/poster/72253,"['Safe Reinforcement Learning', 'Conditioned Reinforcement Learning', 'Multi-task Reinforcement Learning']"
https://nips.cc/virtual/2023/poster/72463,"['Transformers', 'Kernel Density Estimation', 'Robustness']"
https://nips.cc/virtual/2023/poster/72515,"['abstaining classifiers', 'black-box model evaluation', 'causal inference', 'missing data']"
https://nips.cc/virtual/2023/poster/72535,"['Vertical Federated Learning', 'Zeroth Order Optimization', 'Communication Efficiency', 'Privacy']"
https://nips.cc/virtual/2023/poster/72134,"['Explainable Artificial Intelligence', 'Feature Interaction', 'Shapley Interaction', 'Shapley Value']"
https://nips.cc/virtual/2023/poster/70358,"['adversarial robustness', 'neural networks', 'implicit bias', 'generalization']"
https://nips.cc/virtual/2023/poster/71615,"['meta learning', 'hyperbolic networks', 'scalability', 'graph neural networks']"
https://nips.cc/virtual/2023/poster/71982,"['object recognition', 'critical band masking', 'spatial-frequency channels', 'shape bias', 'adversarial robustness']"
https://nips.cc/virtual/2023/poster/73495,['Semantic Segmentation']
https://nips.cc/virtual/2023/poster/70255,"['few-shot learning', 'CLIP', 'fine-tuning']"
https://nips.cc/virtual/2023/poster/71205,['label differential privacy']
https://nips.cc/virtual/2023/poster/71886,"['Vision-language', 'Fairness', 'Text-based Image Retrieval', 'Deep Learning', 'Application']"
https://nips.cc/virtual/2023/poster/71683,['Equal Opportunity; Fair Machine Learning; Conformal Prediction; Uncertainty Quantification']
https://nips.cc/virtual/2023/poster/72796,"['contrastive learning', 'distributionally robust optimization', 'mutual information']"
https://nips.cc/virtual/2023/poster/73478,"['Interpretability', 'Explainability', 'Dataset', 'Benchmark', 'LLMs', 'LM Agents', 'Language Model']"
https://nips.cc/virtual/2023/poster/73622,"['datasets', 'datacentric', 'vision', 'speech', 'acquisition', 'debugging', 'prompting']"
https://nips.cc/virtual/2023/poster/72785,"['temporal event sequences', 'causal inference', 'transformer', 'causal knowledge graph']"
https://nips.cc/virtual/2023/poster/72790,"['Causal inference', 'Difference-in-Difference', 'Structural causal models', 'Potential outcome', 'Proxy learning']"
https://nips.cc/virtual/2023/poster/71867,['Graph Neural Networks']
https://nips.cc/virtual/2023/poster/72698,"['bias', 'evaluation', 'maximum entropy', 'selection']"
https://nips.cc/virtual/2023/poster/72869,"['Debiased recommender system', 'Multi-task learning', 'Causal inference']"
https://nips.cc/virtual/2023/poster/71862,"['Recommender System', 'Fairness']"
https://nips.cc/virtual/2023/poster/71710,"['differential privacy', 'marginals', 'matrix mechanism', 'scalability']"
https://nips.cc/virtual/2023/poster/70817,"['Emergent communication', 'Multi-agent communication', ""Raven's Progressive Matrices"", 'Representation learning']"
https://nips.cc/virtual/2023/poster/72485,"['Model Debias', 'Bias Mitigation', 'Machine Unlearning', 'Counterfactual Fairness']"
https://nips.cc/virtual/2023/poster/72889,"['particle', 'filter', 'mixture', 'belief propagation', 'nonparametric', 'deep learning', 'generative', 'discriminative', 'graphical model', 'multiple modes', 'mutli-modal']"
https://nips.cc/virtual/2023/poster/72234,"['image compression', 'robustness', 'generalization']"
https://nips.cc/virtual/2023/poster/70889,"['equivariance', 'permutation', 'implicit neural representation', 'generalization']"
https://nips.cc/virtual/2023/poster/72118,['gd; implicit bias; edge of stability']
https://nips.cc/virtual/2023/poster/73421,"['datasets', 'LLMs', 'ChatGPT', 'mathematical capabilities', 'evaluation', 'benchmarking']"
https://nips.cc/virtual/2023/poster/71680,"['MLP', 'scaling-laws', 'inductive bias', 'DL theory']"
https://nips.cc/virtual/2023/poster/70244,['Computational Neural Models; Recurrent Neural Networks; Multiple Tasks; Geometry;Dynamical Systems;Attractors;Neuroscience']
https://nips.cc/virtual/2023/poster/71826,"['Stochastic optimization', 'biased SGD', 'Non-convex analysis']"
https://nips.cc/virtual/2023/poster/70875,['offline reinforcement learning']
https://nips.cc/virtual/2023/poster/72216,"['Tabular Data', 'Deep Learning', 'Knowledge Graph', 'Regularization']"
https://nips.cc/virtual/2023/poster/73438,"['stereotype', 'dataset', 'evaluation', 'language models', 'cross cultural']"
https://nips.cc/virtual/2023/poster/70500,"['Multimodal Data', 'Multimodality', 'Batch Normalization', 'Heterogeneous data', 'Regularization', 'Confounder', 'Confounding Effect Removal', 'Data Dependency']"
https://nips.cc/virtual/2023/poster/73597,"['human-centric', 'datasets', 'computer vision', 'fairness', 'algorithmic bias', 'robustness', 'responsible AI']"
https://nips.cc/virtual/2023/poster/71789,"['machine unlearning', 'deep learning']"
https://nips.cc/virtual/2023/poster/73694,"['multimodal datasets', 'dataset audit', 'hate speech detection', 'toxic content detection']"
https://nips.cc/virtual/2023/poster/73631,"['Crowdsourcing', 'geodiversity']"
https://nips.cc/virtual/2023/poster/71482,"['Rashomon Set', 'Simplicity', 'Interpretable Machine Learning', 'Model Selection', 'Model Multiplicity']"
https://nips.cc/virtual/2023/poster/70890,"['diffusion model', 'automatic evaluation', 'vision-and-language', 'compositionality']"
https://nips.cc/virtual/2023/poster/70486,"['Anomaly Detection', 'Graph Neural Network', 'Graph Anomaly Detection', 'One-Class Homophily', 'Local Node Affinity']"
https://nips.cc/virtual/2023/poster/70219,"['Fairness', 'Clustering', 'Approximation Algorithms']"
https://nips.cc/virtual/2023/poster/71733,"['Deep Clustering', 'Self-supervised learning', 're-ranking']"
https://nips.cc/virtual/2023/poster/72344,"['homogenous outcomes', 'societal impact of ML', 'deployed ML', 'systemic failure']"
https://nips.cc/virtual/2023/poster/70309,"['dynamical isometry', 'Lyapunov analysis', 'random neural networks']"
https://nips.cc/virtual/2023/poster/72649,"['Optimal filtering', 'data-driven control', 'stochastic optimization', 'learning']"
https://nips.cc/virtual/2023/poster/71179,"['Human Centered Concepts', 'ML interpretability', 'XAI based Model Improvement', 'Debiasing']"
https://nips.cc/virtual/2023/poster/70871,"['Graph Neural Networks', 'Transformers', 'Graph Classification', 'Node Classification', 'Scalability']"
https://nips.cc/virtual/2023/poster/70254,"['Offline RL', 'safe RL']"
https://nips.cc/virtual/2023/poster/70834,['Soft label; knowledge distillation; weakly-supervised learning; Machine learning.']
https://nips.cc/virtual/2023/poster/72770,"['Fair Machine Learning', 'Causal Inference', 'Decision-Making']"
https://nips.cc/virtual/2023/poster/71738,"['large language model', 'prompting', 'exploratory text analysis']"
https://nips.cc/virtual/2023/poster/71888,"['Graph', 'Collaborative Filtering', 'Recommendation']"
https://nips.cc/virtual/2023/poster/70685,['Generative Model']
https://nips.cc/virtual/2023/poster/72040,"['meta reinforcement learning', 'robust reinforcement learning', 'safe reinforcement learning', 'risk sensitive reinforcement learning']"
https://nips.cc/virtual/2023/poster/73486,"['trustworthiness evaluation', 'GPT models', 'GPT-3.5', 'GPT-4', 'toxicity', 'stereotypes', 'bias', 'adversarial robustness', 'out-of-distribution robustness', 'privacy', 'ethics', 'fairness']"
https://nips.cc/virtual/2023/poster/70936,"['causal discovery', 'time series', 'subsampling', 'proxy variables']"
https://nips.cc/virtual/2023/poster/70681,"['Text-to-3D', 'Diffusion Models']"
https://nips.cc/virtual/2023/poster/71350,"['meta learning', 'bilevel optimization', 'large-scale learning', 'implicit differentiation']"
https://nips.cc/virtual/2023/poster/71358,"['information theory', 'fair machine learning']"
https://nips.cc/virtual/2023/poster/70480,"['predictive multiplicity', 'fairness in machine learning', 'Rashomon effect']"
https://nips.cc/virtual/2023/poster/72388,"['treatment effect estimation', 'optimal transport', 'wasserstein', 'causal inference', 'counterfactual']"
https://nips.cc/virtual/2023/poster/70543,"['large language models', 'time series', 'probabilistic forecasting']"
https://nips.cc/virtual/2023/poster/70764,"['Clustering', '(Other) Machine Learning Topics']"
https://nips.cc/virtual/2023/poster/72984,"['Bias Mitigation', 'Fairness', 'Facial Recognition']"
https://nips.cc/virtual/2023/poster/71109,"['Fair machine learning', 'hierarchical clustering', 'clustering']"
https://nips.cc/virtual/2023/poster/70589,"['implicit sampler', 'learning to sample', 'generative models']"
https://nips.cc/virtual/2023/poster/70789,"['generative models', 'text-to-image', 'vision-language models', 'interpretability']"
https://nips.cc/virtual/2023/poster/70117,"['distributional reinforcement learning', 'risk']"
https://nips.cc/virtual/2023/poster/70384,"['Deep Reinforcement Learning', 'Ensemble Q-learning']"
https://nips.cc/virtual/2023/poster/72352,"['implicit bias', 'equivariant steerable networks', 'data augmentation', 'margin', 'generalization bound']"
https://nips.cc/virtual/2023/poster/72935,"['Sharpness minimization', 'Deep learning', 'Matrix factorization', 'Deep linear networks', 'Implicit bias', 'SGD', 'Trace of Hessian regularizer']"
https://nips.cc/virtual/2023/poster/73676,"['create', 'density functional theory', 'dataset', 'quantum chemistry', 'molecules', 'deep learning']"
https://nips.cc/virtual/2023/poster/70059,"['Criticality', 'Gaussian Process', 'Jacobian', 'LayerNorm', 'Residual connections', 'ResNet']"
https://nips.cc/virtual/2023/poster/72365,"['Model Weight Perturbation', 'fairness', 'distribution shift']"
https://nips.cc/virtual/2023/poster/72993,"['off-policy learning', 'uncertainty']"
https://nips.cc/virtual/2023/poster/72135,"['Causal Effect Estimation', 'Causal Effect Identification', 'Data Fusion', 'Double Machine Learning', 'Doubly Robust Estimator']"
https://nips.cc/virtual/2023/poster/71842,['pattern learning; probabilistic programs; program synthesis; gaussian process; human learning']
https://nips.cc/virtual/2023/poster/71752,"['Reinforcement Learning', 'Behavior Alignment', 'Implicit Gradient', 'Bi-level Optimization']"
https://nips.cc/virtual/2023/poster/72412,"['Replicability', 'learning algorithms', 'sample complexity', 'PAC Learning']"
https://nips.cc/virtual/2023/poster/72988,"['representation learning', 'variational autoencoders', 'homeomorphism', 'topological', 'equivariant', 'lie groups', 'normalizing flows']"
https://nips.cc/virtual/2023/poster/71118,"['Natural language processing', 'large language models', 'XAI', 'explainability']"
https://nips.cc/virtual/2023/poster/70198,"['representation learning', 'mutual information']"
https://nips.cc/virtual/2023/poster/70619,"['transformer', 'training dynamics', 'theoretical analysis', 'self-attention', 'interpretability', 'neural network understanding']"
https://nips.cc/virtual/2023/poster/71585,"['memory-efficient tuning', 'language model', 'transformers']"
https://nips.cc/virtual/2023/poster/73474,"['Organ Segmentation', 'Active Learning', 'Interactive Segmentation', 'Medical Image Analysis']"
https://nips.cc/virtual/2023/poster/69927,"['multicalibration', 'multi-objective learning', 'learning theory', 'calibration', 'fairness', 'games']"
https://nips.cc/virtual/2023/poster/71426,"['Transformers', 'language models', 'hallucinations', 'long-range dependencies', 'generalization', 'extrapolation', 'out-of-distribution']"
https://nips.cc/virtual/2023/poster/71314,"['Diffusion models', 'Post-training quantization', 'Mixed precision']"
https://nips.cc/virtual/2023/poster/71916,"['Optimization', 'Bilevel Optimization', 'Stochastic Optimization']"
https://nips.cc/virtual/2023/poster/70165,"['SGD', 'GD', 'implicit bias', 'large stepsizes', 'edge of stability', 'diagonal linear networks']"
https://nips.cc/virtual/2023/poster/73596,"['Deep learning', 'Representation learning', 'Cognitive science', 'Computer vision datasets']"
https://nips.cc/virtual/2023/poster/70862,"['optimization', 'adaptive algorithms', 'neural networks']"
https://nips.cc/virtual/2023/poster/71682,"['neuroscience', 'computer vision', 'shape & texture bias']"
https://nips.cc/virtual/2023/poster/70234,"['object-centric learning', 'video', 'representation learning', 'self-supervised learning', 'unsupervised learning']"
https://nips.cc/virtual/2023/poster/72570,"['data augmentation', 'diffusion', 'vision and language']"
https://nips.cc/virtual/2023/poster/72514,"['temporal graph', 'temporal graph network', 'temporal graph model expressiveness', 'continuous-time dynamic graph']"
https://nips.cc/virtual/2023/poster/73484,"['Anomaly Detection', 'Neural Radiance Field']"
https://nips.cc/virtual/2023/poster/71965,"['disentanglement', 'unsupervised learning', 'quantization']"
https://nips.cc/virtual/2023/poster/74147,"['Machine Learning', 'Bias', 'BERT', 'Word2Vec', 'DWMW17', 'FDCL18', 'Blodgett Et Al', 'Transformer', 'TensorFlow']"
https://nips.cc/virtual/2023/poster/72727,"['Offline RL', 'Theory']"
https://nips.cc/virtual/2023/poster/72924,"['Mutual Information', 'Offline Reinforcement Learning']"
https://nips.cc/virtual/2023/poster/71085,"['sin activation', 'image prediction', 'image resampling', 'monte-carlo denoising', 'knowledge distillation']"
https://nips.cc/virtual/2023/poster/72829,"['Attention', 'Structural Inference', 'Variational Inference', 'Predictive Coding', 'Graphical Models']"
https://nips.cc/virtual/2023/poster/72732,"['frequentist uncertainty', 'epistemic uncertainty', 'procedural variability', 'confidence intervals', 'batching', 'cheap bootstrap']"
https://nips.cc/virtual/2023/poster/69958,"['Explainability', 'Interpretability', 'Time Series', 'Explanations', 'Temporal patterns', 'Model Understanding', 'Latent space', 'Self-supervised learning']"
https://nips.cc/virtual/2023/poster/72810,"['Wasserstein barycenters', 'entropic penalization', 'optimal transport', ""Sinkhorn's algorithm""]"
https://nips.cc/virtual/2023/poster/71371,"['Tabular Deep Learning', 'Spectral Bias', 'Neural Networks']"
https://nips.cc/virtual/2023/poster/71966,"['Kernel Density Estimation', 'KL-divergence', 'Density Ratio']"
https://nips.cc/virtual/2023/poster/72540,"['computer vision', 'deep learning', 'vision and language models']"
https://nips.cc/virtual/2023/poster/72310,"['Mobilized Federated Networks', 'Personalized Federated Learning', 'Random Walk', 'Stochastic ADMM']"
https://nips.cc/virtual/2023/poster/72230,"['ReLU Neural Networks', 'Implicit Bias', 'Deep Learning Theory']"
https://nips.cc/virtual/2023/poster/71933,"['Statistical Learning Theory', 'Dynamical Systems']"
https://nips.cc/virtual/2023/poster/72680,"['Tabular Language Model', 'Tabular Representation Learning', 'Pretraining', 'Tabular Data', 'Table', 'Hypergraph']"
https://nips.cc/virtual/2023/poster/70467,"['Reinforcement Learning', 'Analytic Gradient-Based Policy Learning', 'Proximal Policy Optimization', 'Differentiable Programming']"
https://nips.cc/virtual/2023/poster/70152,"['random sampling', 'neural network parameters', 'iterative optimization']"
https://nips.cc/virtual/2023/poster/73019,"['partial information decomposition', 'estimation', 'bias', 'inter-area interaction', 'neuroscience']"
https://nips.cc/virtual/2023/poster/72947,"['vision-language models', 'prompt-tuning', 'pseudolabels', 'self-training']"
https://nips.cc/virtual/2023/poster/71279,"['PAC Learning', 'Random Classification Noise']"
https://nips.cc/virtual/2023/poster/70223,"['Deep Learning', 'Privacy', 'Federated Learning', 'Influence Function']"
https://nips.cc/virtual/2023/poster/69866,"['shortcut learning', 'spurious correlations', 'perfect stable feature', 'perception tasks', 'implicit bias in optimization', 'improving inductive biases']"
https://nips.cc/virtual/2023/poster/69872,"['Graph neural networks', 'network representation learning', 'deep learning']"
https://nips.cc/virtual/2023/poster/69881,"['influence maximization', 'approximation algorithm', 'social fairness']"
https://nips.cc/virtual/2023/poster/69894,"['AB test', 'interference', 'causal inference', 'optimization', 'social network']"
https://nips.cc/virtual/2023/poster/69911,"['reinforcement learning', 'generative models', 'offline RL', 'sequential decision making']"
https://nips.cc/virtual/2023/poster/69923,"['Reinforcement learning', 'Long-term credit assignment', 'contribution analysis', 'hindsight credit assignment', 'policy gradient methods']"
https://nips.cc/virtual/2023/poster/69929,"['Embodied AI', 'Interactive Navigation', 'Causal Reinforcement Learning', 'Hierarchical Reinforcement Learning']"
https://nips.cc/virtual/2023/poster/69945,"['data augmentation', 'class-dependent bias']"
https://nips.cc/virtual/2023/poster/73521,"['Data valuation', 'Benchmark', 'Data-centric AI']"
https://nips.cc/virtual/2023/poster/72353,"['Equivariance', 'Invariance', 'Generalization', 'Equivariant Neural Networks', 'Approximation Error']"
https://nips.cc/virtual/2023/poster/69984,"['Peer prediction', 'Peer review', 'Calibration']"
https://nips.cc/virtual/2023/poster/70090,"['hierarchical image classification', 'hierarchical prompting', 'vision transformer']"
https://nips.cc/virtual/2023/poster/70100,"['Implicit bias', 'margin maximization', 'zero-sum game', 'online learning']"
https://nips.cc/virtual/2023/poster/70120,"['Deep Equilibrium Models', 'Partial Differential Equations', 'Neural Operators']"
https://nips.cc/virtual/2023/poster/70155,"['Learning from human preferences', 'self-supervised learning', 'exploration in reinforcement learning']"
https://nips.cc/virtual/2023/poster/70157,"['bandit algorithm', 'statistical inference', 'adaptively collected data', 'asymptotic normality']"
https://nips.cc/virtual/2023/poster/71137,"['PDE', 'Lie point symmetry', 'Symmetry', 'Neural PDE solver', 'PINNs']"
https://nips.cc/virtual/2023/poster/70161,"['fairness', 'user modeling']"
https://nips.cc/virtual/2023/poster/70242,"['imitation learning', 'reinforcement learning', 'offline imitation learning']"
https://nips.cc/virtual/2023/poster/70306,['chain-of-thought; language models; reasoning']
https://nips.cc/virtual/2023/poster/70347,"['Autoregressive neural network', 'tensor network', 'quantum many-body physics', 'variational Monte Carlo']"
https://nips.cc/virtual/2023/poster/70350,"['Parameter Efficient Finetuning', 'Multitask Learning', 'Transfer Learning', 'Natural Language Processing']"
https://nips.cc/virtual/2023/poster/70373,"['Reinforcement learning', 'Safety', 'Multiple Constraints', 'Distributional Critic']"
https://nips.cc/virtual/2023/poster/70420,"['Reinforcement Learning', 'Control', 'POMDP']"
https://nips.cc/virtual/2023/poster/70427,"['Bayes error', 'estimation', 'classification', 'minimum error probability']"
https://nips.cc/virtual/2023/poster/69991,"['implicit bias', 'implicit regularization', 'training dynamics', 'ReLU networks', 'gradient flow', 'theoretical analysis']"
https://nips.cc/virtual/2023/poster/69993,"['Bayesian optimization', 'Expected improvement', 'Quantum computing', 'Variational Quantum Eigensolvers']"
https://nips.cc/virtual/2023/poster/70002,"['Graph Distillation', 'Algorithmic Fairness']"
https://nips.cc/virtual/2023/poster/70011,"['Calibration', 'Uncertainty Estimation', 'Trustworthiness', 'Fairness', 'Multicalibration']"
https://nips.cc/virtual/2023/poster/70034,"['time series forecasting', 'spatiotemporal forecasting', 'graph-based spatiotemporal forecasting', 'graph neural networks']"
https://nips.cc/virtual/2023/poster/70035,"['Data fusion', 'heterogeneous treatment effects estimation', 'shrinkage estimation', 'tree-based method']"
https://nips.cc/virtual/2023/poster/70038,"['federated learning', 'data heterogeneity', 'partially class-disjoint data']"
https://nips.cc/virtual/2023/poster/70458,"['image reconstruction', 'denoising', 'accelerated MRI', 'self-supervised', 'sample complexity']"
https://nips.cc/virtual/2023/poster/70462,"['Hamiltonian Monte Carlo', 'Riemannian manifold', 'self-concordant barrier', 'constrained sampling']"
https://nips.cc/virtual/2023/poster/70470,"['reinforcement learning', 'distributional reinforcement learning', 'maximum entropy estimation', 'representation learning']"
https://nips.cc/virtual/2023/poster/70519,"['Image restoration', 'Down-Sampling', 'Fourier transform']"
https://nips.cc/virtual/2023/poster/70528,['Robust Learning AUC']
https://nips.cc/virtual/2023/poster/70568,['generative models;diffusion models;score-based generative models; symmetry-breaking']
https://nips.cc/virtual/2023/poster/70629,"['learning with partial information', 'unbiased loss', 'classification', 'proportion matching']"
https://nips.cc/virtual/2023/poster/70635,"['meta-learning', 'bayesian optimisation', 'neural process', 'transformer', 'end-to-end', 'reinforcement learning']"
https://nips.cc/virtual/2023/poster/70647,"['Implicit bias', 'conservation laws', 'gradient flow', 'linear neural network', 'matrix factorization']"
https://nips.cc/virtual/2023/poster/70264,"['Interpretability', 'Explainability', 'Network Dissection', 'Competitive Networks', 'Sparsity', 'Multimodal Models']"
https://nips.cc/virtual/2023/poster/70277,"['Cross-links', 'Debias', 'Graph Neural Networks', 'Link Prediction']"
https://nips.cc/virtual/2023/poster/70691,"['spurious correlations', 'interpretability', 'bias', 'distributional robustness']"
https://nips.cc/virtual/2023/poster/70846,"['Survival Analysis', 'Censored Data', 'Semi-supervised Learning', 'Time-to-event-data', 'Algorithmic Supervision', 'Sorting', 'Risk Prediction', 'Weakly-supervised Learning', 'Machine Learning', ""Cox's Partial Likelihood"", 'Differentiable Sorting Networks', 'Transitive Inductive Bias', 'Ranking Losses', 'Listwise Ranking', 'Healthcare Applications', 'Deep Learning', 'Neural Networks', 'Top-k Risk Prediction']"
https://nips.cc/virtual/2023/poster/70878,"['diffusion models', 'zero-shot', 'text-to-image', 'generative models', 'foundation models', 'stable diffusion']"
https://nips.cc/virtual/2023/poster/70888,['Geometric representation learning']
https://nips.cc/virtual/2023/poster/70895,"['neural coding', 'mental simulation', 'foundation models', 'primate frontal cortex']"
https://nips.cc/virtual/2023/poster/70904,"['domain adaptation', 'object detection', 'prompt tuning']"
https://nips.cc/virtual/2023/poster/70910,"['Deep Learning Theory', 'Feature Learning', 'Dynamics', 'Ensembles']"
https://nips.cc/virtual/2023/poster/70918,"['image super-resolution', 'long-tail distribution', 're-sampling', 'integrated gradient']"
https://nips.cc/virtual/2023/poster/70928,"['Remote Sensing', 'Earth Observation', 'Self-supervised learning', 'Multimodal']"
https://nips.cc/virtual/2023/poster/70968,"['Normalizing Flows', 'Flow Matching', 'Equivariance', 'Boltzmann Generators', 'Molecular Dynamics', 'Optimal Transport']"
https://nips.cc/virtual/2023/poster/70485,"['human-object interaction detection', 'zero-shot learning', 'CLIP model adaptatiion']"
https://nips.cc/virtual/2023/poster/70497,"['Weak supervision', 'fairness']"
https://nips.cc/virtual/2023/poster/70498,"['Federated Learning', 'Memory', 'Resource Constraints']"
https://nips.cc/virtual/2023/poster/70999,"['active learning', 'active testing']"
https://nips.cc/virtual/2023/poster/71000,"['healthcare', 'reinforcement learning', 'offline RL', 'off-policy evaluation', 'counterfactuals']"
https://nips.cc/virtual/2023/poster/71284,"['Generalization', 'Learning Trajectory']"
https://nips.cc/virtual/2023/poster/71301,"['Fairness', 'Generative models', 'GAN', 'Calibration']"
https://nips.cc/virtual/2023/poster/71304,"['Irregular Time Series Modeling', 'Transformer', 'Neural Ordinary Differential Equation']"
https://nips.cc/virtual/2023/poster/70745,"['Implicit Bias', 'SGD Dynamics', 'Implicit regularization', 'Learning rate schedule', 'Stochastic Gradient Descent', 'Invariant set', 'Attractive saddle points', 'Stochastic collapse', 'Permutation invariance', 'Simplicity bias', 'Teacher-student']"
https://nips.cc/virtual/2023/poster/71444,"['Evolution Strategies', 'unrolled computation graph', 'online gradient estimation', 'variance reduction', 'stochastic gradient estimation']"
https://nips.cc/virtual/2023/poster/71445,"['metric learning', 'manifold learning', 'local metric', 'dissimilarity', 'geometry']"
https://nips.cc/virtual/2023/poster/71523,"['Imbalanced Learning', 'Re-weighting', 'Logit Adjustment', 'Genralization Analysis']"
https://nips.cc/virtual/2023/poster/71539,"['Bayesian inference', 'Markov chain Monte Carlo', 'kernelized Stein discrepancy', 'Stein thinning', 'kernel methods']"
https://nips.cc/virtual/2023/poster/71047,"['model-based reinforcement learning', 'model shift', 'model bias', 'fine-tuning', 'performance difference bound']"
https://nips.cc/virtual/2023/poster/71072,"['Audio-Visual learning', 'Visual Acoustic Matching']"
https://nips.cc/virtual/2023/poster/71080,"['CCA', 'dimensionality reduction', 'information theory', 'mutual information', 'neural estimation', 'slicing']"
https://nips.cc/virtual/2023/poster/71175,['Learning Theory']
https://nips.cc/virtual/2023/poster/71176,"['interpretability', 'fairness', 'concept erasure', 'representation', 'adversarial', 'robustness']"
https://nips.cc/virtual/2023/poster/71591,"['Frechet regression', 'principal component regression', 'non-Euclidean', 'low-rank matrix', 'errors-in-variables analysis']"
https://nips.cc/virtual/2023/poster/71593,"['Gaussian processes', 'scalable learning', 'posterior sampling', 'Bayesian optimization']"
https://nips.cc/virtual/2023/poster/71606,"['Video Moment Retrieval', 'Diffusion Model']"
https://nips.cc/virtual/2023/poster/71610,"['Text generation', 'diffusion model', 'NLP']"
https://nips.cc/virtual/2023/poster/71853,"['temporal difference learning', 'natural actor-critic', 'reinforcement learning', 'policy evaluation', 'policy gradient', 'markov decision processes']"
https://nips.cc/virtual/2023/poster/71894,"['Artificial neural network', 'interpolation', 'explicit regularization', 'implicit bias', 'weight decay', 'Barron class']"
https://nips.cc/virtual/2023/poster/71903,['graph contrastive learning']
https://nips.cc/virtual/2023/poster/71904,"['Energy-Based Model', 'contrastive learning', 'generative models', 'Jarzynski identity', 'ULA']"
https://nips.cc/virtual/2023/poster/71380,"['adversarial examples', 'adversarial transferability', 'black-box attack']"
https://nips.cc/virtual/2023/poster/71423,"['Fairness', 'Canonical Correlation Analysis', 'Riemannian Optimization', 'Pareto Optimization']"
https://nips.cc/virtual/2023/poster/72041,"['Neural networks', 'Min norm interpolators', 'Sparsity', 'Representational cost']"
https://nips.cc/virtual/2023/poster/72108,"['conditional independence', 'hypothesis testing', 'misspecification']"
https://nips.cc/virtual/2023/poster/72129,"['Graph Neural Networks', 'Label Position Bias', 'Graph Structure Learning']"
https://nips.cc/virtual/2023/poster/72156,['Generalisation; machine learning']
https://nips.cc/virtual/2023/poster/72209,"['ChatGPT', 'Hierarchical Comparisons', 'Image Classification', 'Zero shot']"
https://nips.cc/virtual/2023/poster/71635,"['Gaussian kernel', 'softmax kernel']"
https://nips.cc/virtual/2023/poster/71701,"['Counterfactual fairness', 'Representation learning']"
https://nips.cc/virtual/2023/poster/71703,"['Feature Learning', 'Symmetry Learning', 'Theory of Deep Learning', 'Weight Decay']"
https://nips.cc/virtual/2023/poster/71742,"['Neural processes', 'stability']"
https://nips.cc/virtual/2023/poster/71744,"['Reinforcement Learning', 'Policy Evaluation', 'Budget Optimization', 'Monte Carlo']"
https://nips.cc/virtual/2023/poster/71748,"['implicit bias', 'gradient descent', 'stochastic gradient descent', 'linear networks']"
https://nips.cc/virtual/2023/poster/71751,"['Continual Learning', 'Batch Normalization', 'Recency Bias', 'Catastrophic Forgetting']"
https://nips.cc/virtual/2023/poster/72233,"['brain-inspired AI', 'retina transformation', 'eye movements', 'deep neural networks']"
https://nips.cc/virtual/2023/poster/72243,"['Intuitive Physics', 'Computer Vision']"
https://nips.cc/virtual/2023/poster/72452,"['dynamic sparsity', 'dynamic sparse training', 'sparse training']"
https://nips.cc/virtual/2023/poster/72511,"['nonconvex optimization', 'convex optimization', 'parallel methods', 'asynchronous methods', 'lower bounds']"
https://nips.cc/virtual/2023/poster/72525,"['causal graphs', 'causality', 'counterfactual fairness', 'domain generalization', 'fairness', 'robustness', 'machine learning', 'artificial intelligence']"
https://nips.cc/virtual/2023/poster/72530,"['Learning to Optimize', 'Machine Learning for Combinatorial Optimization', 'Mixed-Integer Linear Programming', 'Graph Generation']"
https://nips.cc/virtual/2023/poster/72541,"['gradient estimation', 'categorical random variables', 'probability theory', 'discrete distributions']"
https://nips.cc/virtual/2023/poster/72551,"['sequence models', 'probabilistic inference', 'reweighted wake-sleep', 'sequential monte carlo', 'smoothing', 'mechanistic models']"
https://nips.cc/virtual/2023/poster/72571,"['Communication Compression', 'Distributed Optimization', 'Unbiased Compression', 'Optimal Complexity']"
https://nips.cc/virtual/2023/poster/72575,"['Foundation Model', 'Class Bias', 'Generalized Logit Adjustment']"
https://nips.cc/virtual/2023/poster/72589,"['Gradient descent', 'edge of stability', 'generalization']"
https://nips.cc/virtual/2023/poster/72613,"['Reinforcement Learning', 'State Entropy', 'Exploration']"
https://nips.cc/virtual/2023/poster/72620,"['neuronal coherence', 'combinatorial generalization', 'perceptual grouping', 'unsupervised learning']"
https://nips.cc/virtual/2023/poster/72002,"['Unsupervised Anomaly Detection', 'Contrastive Learning', 'Medical Anomaly Detection', 'Transfer Learning']"
https://nips.cc/virtual/2023/poster/72003,"['Compression', 'Learnt Compression', 'Relative Entropy Coding', 'Information Theory']"
https://nips.cc/virtual/2023/poster/72015,"['Boltzmann generator', 'normalizing flow', 'diffusion', 'molecular dynamics']"
https://nips.cc/virtual/2023/poster/72647,"['UAV', 'Deep Learning', 'Semantic Segmentation', 'Lidar', 'Class Imbalance', 'Point Cloud']"
https://nips.cc/virtual/2023/poster/72651,"['implicit bias', 'gauss newton']"
https://nips.cc/virtual/2023/poster/72657,"['relational reasoning', 'object-centric representations', 'abstract rule learning', 'relational inductive biases', 'systematic generalization']"
https://nips.cc/virtual/2023/poster/72778,"['BERT', 'Pretraining', 'Efficiency', 'FlashAttention', 'ALiBi']"
https://nips.cc/virtual/2023/poster/72794,"['graph neural networks', 'equivariant machine learning', 'symmetry', 'generalization', 'statistical learning']"
https://nips.cc/virtual/2023/poster/72806,"['optimal transport', 'probabilistic diffusion models', 'statistical downscaling']"
https://nips.cc/virtual/2023/poster/72830,"['Medical Vision Langauge Pretraining', 'Cross-lingual', 'Language bias']"
https://nips.cc/virtual/2023/poster/72882,"['Novelty detection', 'out-of-distribution detection', 'consistency models', 'diffusion models', 'score-based generative models']"
https://nips.cc/virtual/2023/poster/72897,"['Graph Neural Networks', 'Graph Property Prediction']"
https://nips.cc/virtual/2023/poster/72917,"['in-context learning', 'compositionality', 'generative models']"
https://nips.cc/virtual/2023/poster/72934,"['recommendation systems', 'causal effect', 'propensity score', 'propensity estimation']"
https://nips.cc/virtual/2023/poster/72270,"['linear networks', 'spectral bias', 'low rank', 'singular values', 'mirror flow']"
https://nips.cc/virtual/2023/poster/72278,['Distant Supervision; Named Entity-Recognition; Biased Learning']
https://nips.cc/virtual/2023/poster/72291,['Network embedding']
https://nips.cc/virtual/2023/poster/72335,"['generalization', 'reproducing kernel Hilbert space', 'bias-variance trade-off']"
https://nips.cc/virtual/2023/poster/72337,"['batched bandit', 'sketching', 'reward imputation', 'regret bound', 'ridge regression']"
https://nips.cc/virtual/2023/poster/72422,"['large language models', 'impersonation', 'vision language models', 'reasoning']"
https://nips.cc/virtual/2023/poster/72430,"['Generative Models', 'Graphical Models', 'Variational Inference', 'Amortized Inference']"
https://nips.cc/virtual/2023/poster/72946,"['data selection', 'training acceleration', 'probabilistic modeling', 'Bayesian methods']"
https://nips.cc/virtual/2023/poster/73628,"['vision-language models', 'contrastive training', 'CLIP', 'compositional understanding', 'compositionality', 'dataset artifacts']"
https://nips.cc/virtual/2023/poster/73666,"['fairness', 'vision-language', 'bias', 'benchmark']"
https://nips.cc/virtual/2023/poster/73700,"['Algorithmic Fairness', 'Machine Learning', 'Dataset', 'Criminal Justice']"
https://nips.cc/virtual/2023/poster/73719,"['privacy', 'data deidentification', 'synthetic data', 'benchmarks', 'data evaluation']"
https://nips.cc/virtual/2023/poster/74144,"['Crosswalk', 'Fairness', 'Graph Networks', 'Graph representation learning', 'Moonwalk', 'Random Walk', 'Fairwalk', 'Deepwalk']"
https://nips.cc/virtual/2023/poster/74146,"['rescience c', 'rescience x', 'machine learning', 'python', 'bias', 'caption', 'metrics', 'fairness']"
https://nips.cc/virtual/2023/poster/72667,['Monocular Camera Calibration; Camera Pose Estimation; Image Editing']
https://nips.cc/virtual/2023/poster/72696,"['Fairness', 'Individual Fairness', 'Deep Learning', 'Certification', 'Trustworthy ML']"
https://nips.cc/virtual/2023/poster/72720,"['Energy-based model', 'MCMC', 'Joint-training', 'Generator model']"
https://nips.cc/virtual/2023/poster/72721,"['LLM', 'language model', 'tokenizer', 'multilingual', 'language', 'fairness']"
https://nips.cc/virtual/2023/poster/73050,"['Imbalanced Node Classification', 'Bias-Variance Decomposition', 'Graph Neural Networks']"
https://nips.cc/virtual/2023/poster/73437,"['Synthetic data', 'generative models', 'data augmentation', 'privacy']"
https://nips.cc/virtual/2023/poster/73453,"['text-to-image', 'image generation', 'multimodal', 'holistic evaluation', 'benchmarking', 'human evaluation']"
https://nips.cc/virtual/2023/poster/73455,"['text-to-image models', 'diffusion models', 'bias and fairness', 'data exploration']"
https://nips.cc/virtual/2023/poster/71068,['peer review; group fairness; core; stable']
https://nips.cc/virtual/2023/poster/72754,"['federated learning', 'client sampling']"
https://nips.cc/virtual/2023/poster/72976,"['Schema Learning', 'Temporal Regularity', 'Event Embedding']"
https://nips.cc/virtual/2023/poster/71504,"['dynamic networks', 'representation learning', 'spectral methods']"
https://nips.cc/virtual/2023/poster/72911,"['Explanation', 'LIME', 'Stability', 'Local fidelity', 'Interpretability']"
https://nips.cc/virtual/2023/poster/72955,"['out-of-distribution generalization', 'robustness', 'fairness', 'spurious correlations', 'systematic generalization', 'model selection']"
https://nips.cc/virtual/2023/poster/72484,"['Social Bias', 'Code Fairness']"
https://nips.cc/virtual/2023/poster/70318,"['environment model learning', 'offline reinforcement learning', 'off-policy evaluation', 'individual treatment effects estimation', 'causal inference', 'adversarial learning']"
https://nips.cc/virtual/2023/poster/72437,"['Audio-Visual Learning', 'Audio-Visual Source Localization', 'Semi-Supervised Learning', 'Multimodal Learning']"
https://nips.cc/virtual/2023/poster/72177,"['Generative Models', 'Geometric Deep Learning', 'Normalizing Flows', 'Shape Analysis', 'Grassmann Manifold']"
https://nips.cc/virtual/2023/poster/71613,['Adversarial robustness; Randomized defense; Random parameters optimization']
https://nips.cc/virtual/2023/poster/71410,"['AI for science', 'diffusion models', 'scientific machine learning', 'probabilistic forecasting']"
https://nips.cc/virtual/2023/poster/72865,"['empirical risk minimization', 'bias-variance decomposition', 'admissibility']"
https://nips.cc/virtual/2023/poster/73633,"['Question answering', 'Automatic evaluation', 'Decentralized evaluation']"
https://nips.cc/virtual/2023/poster/71958,"['Transition Path Sampling', 'Stochastic Optimal Control']"
https://nips.cc/virtual/2023/poster/72706,"['knowledge distillation', 'regularization', 'understanding', 'underfitting', 'theory']"
https://nips.cc/virtual/2023/poster/73076,"['generative models', 'generative model evaluation', 'self-supervised learning', 'representation learning', 'metrics']"
https://nips.cc/virtual/2023/poster/71280,"['bandits', 'model selection', 'online learning']"
https://nips.cc/virtual/2023/poster/69883,['individual fairness; similarity learning; active learning']
https://nips.cc/virtual/2023/poster/73434,"['large language models', 'human preference', 'llm-as-a-judge', 'benchmark', 'evaluation']"
https://nips.cc/virtual/2023/poster/70433,"['AI Alignment', 'Large Language Models', 'In Context Learning', 'Neural Symbolics']"
https://nips.cc/virtual/2023/poster/73674,"['spatio-temporal predictive learning', 'self-supervised learning', 'computer vision']"
https://nips.cc/virtual/2023/poster/72160,"['Reinforcement learning', 'Deep Q Network', 'Convergence analysis', 'Sample complexity', 'Generalization analysis']"
https://nips.cc/virtual/2023/poster/73627,"['Synthetic images', 'Unreal Engine', 'Representation learning']"
https://nips.cc/virtual/2023/poster/70746,"['Deep Learning', 'Multimodal Learning', 'Multi-task learning', 'Missingness', 'Interpretability']"
https://nips.cc/virtual/2023/poster/70039,"['algorithmic fairness', 'discrimination', 'missing values', 'machine learning']"
https://nips.cc/virtual/2023/poster/72410,"['Continual learning', 'Class-incremental semantic segmentation', 'Prototype replay']"
https://nips.cc/virtual/2023/poster/72474,"['image classification', 'robustness', 'guided diffusion models', 'counterfactuals']"
https://nips.cc/virtual/2023/poster/70670,"['deep reinforcement learning', 'continual learning', 'loss of plasticity']"
https://nips.cc/virtual/2023/poster/72714,"['Long-term Fairness', 'Dynamics', 'Reinforcement Learning']"
https://nips.cc/virtual/2023/poster/70757,"['offline reinforcement learning', 'human-aware reinforcement learning', 'multi-agent influence']"
https://nips.cc/virtual/2023/poster/70390,"['Graph neural network', 'Test-time Augmentation']"
https://nips.cc/virtual/2023/poster/72190,"['demographic parity', 'regression', 'minimax optimal']"
https://nips.cc/virtual/2023/poster/72731,"['PU learning', 'causal inference', 'semi-supervised learning']"
https://nips.cc/virtual/2023/poster/72196,"['Representation Learning', 'Product Manifolds', 'Bayesian Optimization', 'Gromov-Hausdorff Distance']"
https://nips.cc/virtual/2023/poster/70979,"['Computational Social Science', 'Large Language Models', 'Statistical Inference', 'Causal Inference']"
https://nips.cc/virtual/2023/poster/70946,"['temporal sequence processing', 'temporal order structure', 'tree-structured attractor']"
https://nips.cc/virtual/2023/poster/73673,"['low-shot learning', 'self-supervised learning', 'object learning', 'mutual exclusivity bias']"
https://nips.cc/virtual/2023/poster/72846,"['confidence sets', 'uncertainty quantification', 'bandits', 'active learning', 'testing']"
https://nips.cc/virtual/2023/poster/70457,"['unsupervised learning', 'self-supervised learning', 'representation learning', 'matrix completion']"
https://nips.cc/virtual/2023/poster/72187,"['robust statistics', 'missing values', 'cell-wise contamination']"
https://nips.cc/virtual/2023/poster/71142,"['deep reinforcement learning', 'primacy bais', 'reset', 'deep ensemble learning']"
https://nips.cc/virtual/2023/poster/74156,"['bias', 'gender bias', 'racial bias', 'age bias', 'societal bias', 'bias amplification', 'leakage', 'image captioning', 'leakage in image captioning', 'bert', 'lstm', 'machine learning', 'deep learning', 'rescience c', 'rescience x', 'reproducibility', 'replication']"
https://nips.cc/virtual/2023/poster/72918,"['subgroup fairness', 'recourse', 'counterfactual explanations']"
https://nips.cc/virtual/2023/poster/73660,"['imagenet-hard', 'rare', 'zoom', 'spatial bias', 'image classification', 'new benchmark']"
https://nips.cc/virtual/2023/poster/71503,"['3D point clouds', '3D recognition', 'part-based representation', 'unsupervised class discovery']"
https://nips.cc/virtual/2023/poster/70469,"['learning to rank', 'off-policy learning', 'reinforcement learning', 'click model']"
https://nips.cc/virtual/2023/poster/73693,"['training data generation', 'large language model', 'text classification']"
https://nips.cc/virtual/2023/poster/71960,"['mean-field', 'muP', 'feature learning', 'infinite width', 'deep ensembles']"
https://nips.cc/virtual/2023/poster/73502,"['Deepfake Detection', 'Benchmark']"
https://nips.cc/virtual/2023/poster/73067,"['Reinforcement learning', 'reward shaping', 'potential-based exploration', 'inverse dynamic bisimulation metric']"
https://nips.cc/virtual/2023/poster/72271,"['causal disentanglement', 'causal generative process', 'generative factors', 'confounder', 'inductive bias', 'disentanglement', 'causal inference']"
https://nips.cc/virtual/2023/poster/72949,"['causal inference', 'randomized experiments', 'online optimization']"
https://nips.cc/virtual/2023/poster/72451,"['JKO', 'mass-conservation', 'PDE', 'Fokker-Planck', 'scalable', 'discretization-free', 'neural ODE']"
https://nips.cc/virtual/2023/poster/72392,"['large language models', 'prompts', 'classification']"
https://nips.cc/virtual/2023/poster/72181,"['Neural Network Training', 'Computational Complexity', 'Existential Theory of the Reals', 'Algebraic Universality', 'Empirical Risk Minimization']"
https://nips.cc/virtual/2023/poster/72681,['federated learning; manifold regularization; update reaggregation']
https://nips.cc/virtual/2023/poster/70506,"['Federated Learning', 'Personalized Federated Learning', 'Representation', 'Knowledge Transfer']"
https://nips.cc/virtual/2023/poster/72162,"['causal inference', 'hidden confounding', 'multiple environments', 'independent causal mechansisms', 'independence testing']"
https://nips.cc/virtual/2023/poster/72095,"['generative models', 'generative modeling', 'bias', 'GANs', 'debiasing']"
https://nips.cc/virtual/2023/poster/71684,"['positive and unlabeled learning', 'machine learning', 'deep learning', 'temporal point process', 'data imbalance']"
https://nips.cc/virtual/2023/poster/71765,"['Simplicity Bias', 'Gradient Descent', 'Implicit Bias', 'Neural Networks']"
https://nips.cc/virtual/2023/poster/71834,"['hypergraph neural networks', 'hypergraph', 'sheaf', 'higher-order']"
https://nips.cc/virtual/2023/poster/71884,"['Convolutional neural network', 'Inductive bias', 'Universality', 'Sparse function', 'Equivariance group']"
https://nips.cc/virtual/2023/poster/73021,"['graph neural networks (GNNs)', 'total variation (TV)', 'Euler–Lagrange equation', 'calculus of variations', 'over-smoothing', 'min-max optimization']"
https://nips.cc/virtual/2023/poster/70386,"['deep reinforcement learning', 'interpretation', 'explanation']"
https://nips.cc/virtual/2023/poster/71582,"['topological data analysis', 'persistent homology', 'convexity', 'AI safety', 'interpolation']"
https://nips.cc/virtual/2023/poster/72301,"['Action constrained reinforcement learning', 'Normalizing flow', 'Generative modelling']"
https://nips.cc/virtual/2023/poster/73642,"['conversational AI', 'human evaluation', 'human annotation', 'safety task', 'disagreement', 'variance in human annotations', 'diversity of rater pool']"
https://nips.cc/virtual/2023/poster/73531,"['aviation', 'distribution shift', 'closed-loop evaluation', 'object detection']"
https://nips.cc/virtual/2023/poster/73567,"['Safe Reinforcement Learning', 'SafeRL', 'RL Simulator']"
https://nips.cc/virtual/2023/poster/71849,"['model stealing', 'model defenses', 'self-supervised learning']"
https://nips.cc/virtual/2023/poster/70169,"['Domain Generalization', 'Margin Loss', 'Adversarial Learning', 'Domain Adaptation']"
https://nips.cc/virtual/2023/poster/71051,"['classification', 'random forests', 'privacy-preserving machine learng', 'data encrytion']"
https://nips.cc/virtual/2023/poster/71628,"['Backdoor Attack', 'Federated Learning']"
https://nips.cc/virtual/2023/poster/70289,"['sketch', 'federated analytics', 'privacy']"
https://nips.cc/virtual/2023/poster/71209,"['model distillation', 'membership inference', 'privacy', 'dark knowledge']"
https://nips.cc/virtual/2023/poster/73597,"['human-centric', 'datasets', 'computer vision', 'fairness', 'algorithmic bias', 'robustness', 'responsible AI']"
https://nips.cc/virtual/2023/poster/70814,"['Constrained Learning', 'Relaxation', 'Lagrangian duality', 'Primal-Dual', 'Machine Learning', 'Federated Learning', 'Invariance']"
https://nips.cc/virtual/2023/poster/71031,"['Counterfactually Augmented Data', 'Invariant Learning', 'Out-of-distribution Generalization', 'Clinical NLP']"
https://nips.cc/virtual/2023/poster/70160,"['Neural networks', 'Vision models', 'blind spots', 'undersensitivity', 'invariance', 'level set geometry', 'input connectivity']"
https://nips.cc/virtual/2023/poster/70886,"['robust pre-training', 'adversarial contrastive learning', 'coreset selection']"
https://nips.cc/virtual/2023/poster/69867,"['robust pre-training', 'adversarial contrastive learning']"
https://nips.cc/virtual/2023/poster/73512,"['Reinforcement Learning with Human Feedback (RLHF)', 'Large Language Model', 'Safety Alignment', 'Human-Preference Data', 'Harmlessness-Helpfulness Tension']"
https://nips.cc/virtual/2023/poster/72371,"['Off-policy evaluation (OPE)', 'Variational latent model for trajectory representation learning', 'Reinforcement learning and OPE for adaptive neurostimulation']"
https://nips.cc/virtual/2023/poster/73579,"['Graph Neural Networks', 'Road Safety', 'Transportation Networks']"
https://nips.cc/virtual/2023/poster/71476,"['Federated learning', 'backdoor defense', 'isolated subspace training.']"
https://nips.cc/virtual/2023/poster/70499,"['backdoor defense', 'federated learning', 'game theory']"
https://nips.cc/virtual/2023/poster/72293,"['Deception', 'Causality', 'Game Theory']"
https://nips.cc/virtual/2023/poster/71637,"['convex optimization', 'variational inequalities', 'similarity', 'local methods', 'compression', 'partial participation']"
https://nips.cc/virtual/2023/poster/72180,"['backdoor', 'Trojan', 'certification', 'adversarial learning', 'deep neural network', 'conformal prediction']"
https://nips.cc/virtual/2023/poster/70434,"['action-constrained reinforcement learning', 'decision making']"
https://nips.cc/virtual/2023/poster/69885,"['unsupervised anomaly detection', 'global explanation', 'rule extraction']"
https://nips.cc/virtual/2023/poster/71993,"['Tabular data', 'Categorical data', 'Robust ML', 'Adversarial Robustness']"
https://nips.cc/virtual/2023/poster/70409,"['language modeling', 'text embedding', 'adversarial text attack', 'text vectorization']"
https://nips.cc/virtual/2023/poster/72546,"['Adversarial Robustness', 'Generalization', 'Measures']"
https://nips.cc/virtual/2023/poster/71755,"['Responsible AI', 'fairness', 'DRO', 'robustness']"
https://nips.cc/virtual/2023/poster/72984,"['Bias Mitigation', 'Fairness', 'Facial Recognition']"
https://nips.cc/virtual/2023/poster/71912,"['Adversarial Defense', 'Adversarial Attack', 'Score-based Models', 'Diffusion Models']"
https://nips.cc/virtual/2023/poster/71747,"['pruning', 'structured pruning', 'adversarial robustness', 'grouped kernel pruning', 'CNN', 'one-shot']"
https://nips.cc/virtual/2023/poster/71801,"['adversarial training', 'catastrophic overfitting']"
https://nips.cc/virtual/2023/poster/71808,"['interpretability', 'benchmarking', 'auditing', 'diagnostics', 'debugging', 'adversarial attacks', 'feature synthesis']"
https://nips.cc/virtual/2023/poster/70702,"['red teaming', 'safety', 'RLHF', 'large language models']"
https://nips.cc/virtual/2023/poster/71578,"['Reinforcement Learning', 'Mixture of Experts', 'Dialogue Management']"
https://nips.cc/virtual/2023/poster/70392,"['security', 'backdoor attack']"
https://nips.cc/virtual/2023/poster/71421,"['backdoor defense', 'black-box defense', 'diffusion model']"
https://nips.cc/virtual/2023/poster/70063,['CLIP']
https://nips.cc/virtual/2023/poster/71118,"['Natural language processing', 'large language models', 'XAI', 'explainability']"
https://nips.cc/virtual/2023/poster/72028,['adversarial training; regularization; linear models']
https://nips.cc/virtual/2023/poster/73006,"['Reliable machine learning', 'adversarial robustness', 'distribution shift', 'theory']"
https://nips.cc/virtual/2023/poster/70914,"['calibration', 'Stackelberg games', 'learning in repeated games', 'strategic agents', 'best response', 'strategic classification', 'Stackelberg Security Games']"
https://nips.cc/virtual/2023/poster/72402,"['machine learning', 'cryptography', 'cryptanalysis']"
https://nips.cc/virtual/2023/poster/73048,"['Machine unlearning', 'model pruning']"
https://nips.cc/virtual/2023/poster/72331,"['Interpretability', 'Attribution Maps', 'Information Bottleneck', 'Multi-Modal Learning', 'Vision-Language Pretrained Models']"
https://nips.cc/virtual/2023/poster/70504,['Mechanistic Interpretability']
https://nips.cc/virtual/2023/poster/73623,"['Geometry', 'Cognitive Science', 'Psychology', 'Vision', 'Robustness', 'Safety']"
https://nips.cc/virtual/2023/poster/70793,"['Face Recognition (FR)', 'Face reconstruction', 'Generative Adversarial Network (GAN)', 'Privacy', 'Security', 'Template Inversion (TI) attack', 'Transferability']"
https://nips.cc/virtual/2023/poster/70163,"['Selective forgetting', 'static setting', 'sequential setting', 'security and robustness']"
https://nips.cc/virtual/2023/poster/71143,"['reinforcement learning', 'robustness', 'causality', 'spurious correlation']"
https://nips.cc/virtual/2023/poster/71547,['Efficient Methods for NLP; Multi-exit Language Models; Adversarial Slowdown']
https://nips.cc/virtual/2023/poster/71627,"['Markov game', 'Partial observation', 'Function approximation', 'Posterior sampling', 'Reinforcement Learning']"
https://nips.cc/virtual/2023/poster/72871,"['Trustworthy machine learning', 'Large language models', 'Supervised fine-tuning', 'instruction tuning']"
https://nips.cc/virtual/2023/poster/71213,"['Reinforcement learning', 'Imitation Learning', 'AI Safety', 'Interpretability']"
https://nips.cc/virtual/2023/poster/72945,"['Backdoor Defense', 'Honeypot']"
https://nips.cc/virtual/2023/poster/73439,"['Autonomous Driving', 'Real-world Scenarios', 'Reinforcement Learning', 'Traffic Simulation', 'AD Stack Testing']"
https://nips.cc/virtual/2023/poster/70375,"['Machine Learning', 'Human-in-the-loop Reinforcement Learning', 'Safety', 'Sample Efficiency', 'Reward-free']"
https://nips.cc/virtual/2023/poster/71922,"['online learning to rank', 'adversarial attack', 'click model']"
https://nips.cc/virtual/2023/poster/72611,"['Deep Learning', '(Other) Applications', '(Other) Machine Learning Topics']"
https://nips.cc/virtual/2023/poster/72827,"['Backdoor attacks', 'Backdoor Defense', 'Security for AI']"
https://nips.cc/virtual/2023/poster/71402,"['AI-generated text detection', 'text detection', 'paraphrasing', 'attacks', 'retrieval', 'defenses', 'large language models', 'LLMs']"
https://nips.cc/virtual/2023/poster/71455,"['Adversarial', 'Batch normalization', 'Robustness', 'Geometric', 'radial']"
https://nips.cc/virtual/2023/poster/70911,"['Reinforcement Learning', 'Hard Constraint', 'Generalized Reduced Gradient']"
https://nips.cc/virtual/2023/poster/70223,"['Deep Learning', 'Privacy', 'Federated Learning', 'Influence Function']"
https://nips.cc/virtual/2023/poster/72925,"['Diffusion Models', 'Trajecotry Forecasting', 'Autonomous Vehicles', 'Motion Forecasting', 'Simulation']"
https://nips.cc/virtual/2023/poster/70232,"['machine learning', 'privacy', 'membership inference']"
https://nips.cc/virtual/2023/poster/69874,"['Backdoor Attack', 'Trustworthy AI', 'Backdoor Learning']"
https://nips.cc/virtual/2023/poster/69920,['poisoning attacks; adversarial machine learning; machine learning security']
https://nips.cc/virtual/2023/poster/69981,"['adversarial robustness', 'graph neural networks']"
https://nips.cc/virtual/2023/poster/70122,"['Information Bottleneck', 'Adversarial training', 'Adversarial  robustness', 'Knowledge distillation']"
https://nips.cc/virtual/2023/poster/70177,"['federated learning', 'backdoor learning', 'robust federated aggregation', 'data divergence']"
https://nips.cc/virtual/2023/poster/70184,"['Imitation learning', 'Preference-based learning', 'Safe imitation learning']"
https://nips.cc/virtual/2023/poster/70194,"['Adversarial Attack', 'Generative Model', 'Diffusion Model', 'Latent Diffusion Model', 'Conditional Latent Diffusion Model']"
https://nips.cc/virtual/2023/poster/70218,"['safety verification', 'decision tree', 'reinforcement learning', 'controller', 'continuous time']"
https://nips.cc/virtual/2023/poster/70225,"['uncertainty estimation', 'semantic segmentation', 'medical application']"
https://nips.cc/virtual/2023/poster/70476,"['Certifiable Robustness', 'Graph Contrastive Learning']"
https://nips.cc/virtual/2023/poster/70325,"['Zero-shot quantization', 'Texture feature calibration', 'Post-training quantization', 'low bit width', 'Neural network compression']"
https://nips.cc/virtual/2023/poster/70351,"['offline reinforcement learning', 'model-based reinforcement learning', 'risk', 'uncertainty']"
https://nips.cc/virtual/2023/poster/70371,"['vision-language', 'adversarial attacks', 'pre-trained model', 'fine-tuned model']"
https://nips.cc/virtual/2023/poster/70373,"['Reinforcement learning', 'Safety', 'Multiple Constraints', 'Distributional Critic']"
https://nips.cc/virtual/2023/poster/70388,"['3D mask detection', 'spatio-temporal aggregation', 'optical flow', 'deep learning']"
https://nips.cc/virtual/2023/poster/69997,"['Large Vision-Language Models', 'Adversarial Robustness']"
https://nips.cc/virtual/2023/poster/70011,"['Calibration', 'Uncertainty Estimation', 'Trustworthiness', 'Fairness', 'Multicalibration']"
https://nips.cc/virtual/2023/poster/70044,"['Adversarial Average Precision Maximization', 'Robust Average Precision', 'Adversarial Ranking Robustness', 'Adversarial Training']"
https://nips.cc/virtual/2023/poster/70045,"['backdoor', 'diffusion model', 'trustworthy']"
https://nips.cc/virtual/2023/poster/70463,"['Inverse Reinforcement Learning', 'Model-based Offline Inverse Reinforcement Learning']"
https://nips.cc/virtual/2023/poster/70578,"['equivariance', 'group-equivariant cnns', 'invariance', 'pooling', 'convolutional neural networks']"
https://nips.cc/virtual/2023/poster/70607,"['feature shift detection', 'distribution shift', 'shift', 'data-centric AI']"
https://nips.cc/virtual/2023/poster/70618,"['Backdoor Defense', 'Deep Reinforcement Learning']"
https://nips.cc/virtual/2023/poster/70624,"['Algorithmic game theory', 'Optimal Nash equilibrium']"
https://nips.cc/virtual/2023/poster/70264,"['Interpretability', 'Explainability', 'Network Dissection', 'Competitive Networks', 'Sparsity', 'Multimodal Models']"
https://nips.cc/virtual/2023/poster/70278,"['Offline safe reinforcement learning', 'Pessimistic conservative estimation', 'Variational optimization', 'Reinforcement Learning']"
https://nips.cc/virtual/2023/poster/70854,"['unrestricted attack', 'adversarial example', 'diffusion model', 'black-box attack', 'adversarial transferability']"
https://nips.cc/virtual/2023/poster/70867,"['Long-tailed Medical Image Segmentation', 'Contrastive Learning', 'Variance Reduction', 'Imbalanced Learning', 'Semi-Supervised Learning']"
https://nips.cc/virtual/2023/poster/70909,"['Classification', 'Learning to Defer', 'Probability Estimation']"
https://nips.cc/virtual/2023/poster/70926,"['Constraints', 'Safety', 'Hamilton Jacobi Reachability', 'Deep Reinforcement Learning', 'Robotics']"
https://nips.cc/virtual/2023/poster/70490,"['self-supervised learning', 'adversarial robustness']"
https://nips.cc/virtual/2023/poster/70992,"['Distribution Shift', 'OOD Error Prediction', 'Optimal Transport', 'Deep Learning']"
https://nips.cc/virtual/2023/poster/71009,"['adversarial examples', 'black-box attack', 'adversarial transferability']"
https://nips.cc/virtual/2023/poster/71193,['reproducibility; multiple instance learning']
https://nips.cc/virtual/2023/poster/71230,"['neural architecture search', 'generalization', 'efficiency', 'zero-cost proxy']"
https://nips.cc/virtual/2023/poster/71256,"['Multi-exit Neural Network', 'Adversarial Training', 'Knowledge Distillation', 'Adversarial Transferability']"
https://nips.cc/virtual/2023/poster/71290,"['deep learning', 'split inference', 'data reconstruction attack']"
https://nips.cc/virtual/2023/poster/70720,"['Punctuation-level Attack', 'Textual Adversarial attack', 'Natural Language Processing']"
https://nips.cc/virtual/2023/poster/71360,"['diffusion models', 'constrained generation', 'constrained manifold', 'mirror map', 'watermarked generation', 'generation privacy']"
https://nips.cc/virtual/2023/poster/71467,"['Backdoor Defense', 'Backdoor Learning', 'Trustworthy AI']"
https://nips.cc/virtual/2023/poster/71478,"['matching markets', 'strategic behaviour', 'ML-based forecasting', 'recommender systems', 'adversarial attacks', 'agent-based modelling']"
https://nips.cc/virtual/2023/poster/72630,"['Backdoor Defense', 'Model-tuning']"
https://nips.cc/virtual/2023/poster/71998,"['adversarial attack', 'adversarial robustness of DNN', 'adversarial training', 'Wasserstein distance', 'distributionally robust optimization', 'sensitivity analysis', 'asymptotic bounds']"
https://nips.cc/virtual/2023/poster/72011,['Fairness Continual Learning; Semantic Segmentation; Contrastive Clustering;']
https://nips.cc/virtual/2023/poster/72659,"['Subgame solving', 'extensive-form game', 'imperfect information']"
https://nips.cc/virtual/2023/poster/72757,['bandits']
https://nips.cc/virtual/2023/poster/72858,"['Diffusion models', 'image steganography', 'Stable Diffusion', 'coverless steganography']"
https://nips.cc/virtual/2023/poster/72885,"['Federated Learning', 'Model Poisoning Attacks', 'Proactive Detection', 'Robust Aggregation', 'Benign Outlier Identification']"
https://nips.cc/virtual/2023/poster/72912,"['privacy', 'deep learning', 'neural networks', 'adversarial learning', 'reconstruction guarantees', 'collaborative inference', 'MLaaS']"
https://nips.cc/virtual/2023/poster/72927,"['adversarial robustness', 'computer vision', 'biologically-inspired', 'retina', 'blurring']"
https://nips.cc/virtual/2023/poster/72263,"['Trajectory prediction', 'instantaneous observation']"
https://nips.cc/virtual/2023/poster/72322,"['byzantine robustness', 'variational inequalities', 'min-max problems']"
https://nips.cc/virtual/2023/poster/72384,"['NLP', 'backdoor attack', 'fuzzing']"
https://nips.cc/virtual/2023/poster/72434,['Learning Theory']
https://nips.cc/virtual/2023/poster/72938,"['Adversarial self supervised learning', 'targeted attack', 'self supervised learning', 'contrastive learning', 'positive mining']"
https://nips.cc/virtual/2023/poster/72958,"['Privacy', 'Membership Inference Attacks']"
https://nips.cc/virtual/2023/poster/73563,"['visual perception', 'visual perception alignment', 'reliability']"
https://nips.cc/virtual/2023/poster/72683,"['experimental design', 'few-shot', 'black-box optimization', 'synthetic pretraining', 'in-context learning', 'transformer']"
https://nips.cc/virtual/2023/poster/72701,"['privacy', 'instance encoding', 'split learning']"
https://nips.cc/virtual/2023/poster/73007,"['Safety', 'Neural Barrier Function', 'Verification']"
https://nips.cc/virtual/2023/poster/73425,"['Instruction tuning', 'large language models', 'open-source', 'systematic evaluation']"
https://nips.cc/virtual/2023/poster/73444,['Activity understanding; Action recognition; Nursing procedure; Standard level grading']
https://nips.cc/virtual/2023/poster/71780,"['Robustness', 'Data Poisoning', 'Security', 'Machine Learning', 'Backdoor', 'Adversarial']"
https://nips.cc/virtual/2023/poster/71514,"['safe reinforcement learning', 'step-wise violation', 'reinforcement learning theory']"
https://nips.cc/virtual/2023/poster/71533,"['Large Scale Learning', 'ML Security', 'AI Governance']"
https://nips.cc/virtual/2023/poster/71163,"['Differential Privacy', 'Model Extraction Attacks', 'Active Sampling', 'Max-Information Attack']"
https://nips.cc/virtual/2023/poster/72584,['backdoor detection; object detection;']
https://nips.cc/virtual/2023/poster/71613,['Adversarial robustness; Randomized defense; Random parameters optimization']
https://nips.cc/virtual/2023/poster/72856,"['Model Calibration', 'Object Detection', 'Detection Transformers', 'Uncertainty']"
https://nips.cc/virtual/2023/poster/72503,"['Evolutionary Strategy', 'Adversarial Attack', 'Adversarial Patches', 'Computational Art', 'Computer Vision']"
https://nips.cc/virtual/2023/poster/72545,"['Adversarial attack', 'Adversarial transferability', 'Black-box Attack']"
https://nips.cc/virtual/2023/poster/72646,"['constraints', 'inverse reinforcement learning', 'safe reinforcement learning']"
https://nips.cc/virtual/2023/poster/73079,"['Adversarial training', 'neural networks', 'robustness', 'guarantees']"
https://nips.cc/virtual/2023/poster/71224,"['Large Language Model', 'Trojan Attack', 'Adversary Attack', 'Prompt Injection', 'GPT-4', 'Black-box']"
https://nips.cc/virtual/2023/poster/72788,"['Privacy-Preserving Machine Learning', 'efficient private inference', 'machine learning as a service', 'homomorphic encryption', 'non-linear pruning', 'ST-GCN']"
https://nips.cc/virtual/2023/poster/70628,"['urban event', 'NDCG optimization', 'ranking', 'traffic accident', 'crime', 'spatiotemporal data']"
https://nips.cc/virtual/2023/poster/69944,"['Pac-Bayes', 'Adversarial Robustness', 'Generalization']"
https://nips.cc/virtual/2023/poster/71059,"['Privacy Assessment', 'Reconstructed Images', 'Evaluation Metrics', 'Human Perception']"
https://nips.cc/virtual/2023/poster/72711,"['Differential privacy', 'reconstruction']"
https://nips.cc/virtual/2023/poster/73022,['Transferable adversarial example']
https://nips.cc/virtual/2023/poster/71142,"['deep reinforcement learning', 'primacy bais', 'reset', 'deep ensemble learning']"
https://nips.cc/virtual/2023/poster/70495,"['Uncertainty Quantification', 'Inverse Problems', 'Probabilistic Modelling', 'Principal Components Analysis', 'Deep Learning']"
https://nips.cc/virtual/2023/poster/73701,['synthetic data; medical imaging; AI testing; digital twins']
https://nips.cc/virtual/2023/poster/71708,['learning theory']
https://nips.cc/virtual/2023/poster/72072,"['robotics', 'language models', 'embodied agents']"
https://nips.cc/virtual/2023/poster/72574,['adversarial attacks; multi agent reinforcement learning;']
https://nips.cc/virtual/2023/poster/72155,"['diffusion-based models', 'active learning', 'domain adaptation', 'source-free domain adaptation', 'uncertainty estimation']"
https://nips.cc/virtual/2023/poster/72122,"['High-quality adversarial example', 'Black-box hard-label textual adversarial attack']"
https://nips.cc/virtual/2023/poster/70231,"['Ordered Top-K Clear-Box Targeted Adversarial Attack', 'Deep Neural Networks', 'Quadratic Programming', 'Robustness']"
https://nips.cc/virtual/2023/poster/73588,"['benchmark', 'monocular depth estimation', 'common corruptions', 'robustness']"
https://nips.cc/virtual/2023/poster/70708,['Federated Learning']
https://nips.cc/virtual/2023/poster/71205,['label differential privacy']
https://nips.cc/virtual/2023/poster/72902,"['Differential Privacy', 'Hyperparameter Tuning', 'Deep Learning']"
https://nips.cc/virtual/2023/poster/71321,"['Data privacy', 'Functional local differential privacy', 'Gaussian mechanism', 'Minimax risks', 'Statistical utility']"
https://nips.cc/virtual/2023/poster/71051,"['classification', 'random forests', 'privacy-preserving machine learng', 'data encrytion']"
https://nips.cc/virtual/2023/poster/71710,"['differential privacy', 'marginals', 'matrix mechanism', 'scalability']"
https://nips.cc/virtual/2023/poster/72485,"['Model Debias', 'Bias Mitigation', 'Machine Unlearning', 'Counterfactual Fairness']"
https://nips.cc/virtual/2023/poster/71365,"['Incentives', 'Privacy', 'Shapley fairness', 'Collaborative machine learning', 'data valuation', 'reward', 'sufficient statistics']"
https://nips.cc/virtual/2023/poster/69906,"['Machine Learning', 'Differential Privacy', 'Optimization', 'Private Machine Learning', 'Federated Learning', 'Privacy Amplification', 'Matrix Factorization']"
https://nips.cc/virtual/2023/poster/70387,"['Differential privacy', '$f$-DP', 'mixture mechanisms', 'shuffling', 'differentially private gradient descent']"
https://nips.cc/virtual/2023/poster/71639,"['federated learning', 'differential privacy', 'personalization']"
https://nips.cc/virtual/2023/poster/70950,"['Cryptographic inference', 'Graph Convolutional Network', 'Parallel Packing']"
https://nips.cc/virtual/2023/poster/71789,"['machine unlearning', 'deep learning']"
https://nips.cc/virtual/2023/poster/70518,"['differential privacy', 'distribution learning', 'gaussians', 'mixture of gaussians', 'compression schemes', 'robust compression schemes', 'privacy']"
https://nips.cc/virtual/2023/poster/71807,"['differential privacy', 'hyperparameter tuning', 'Rényi differential privacy', 'computational efficiency', 'DP-SGD']"
https://nips.cc/virtual/2023/poster/72242,"['differential privacy', 'subgraph counting', 'smooth sensitivity', 'local sensitivity']"
https://nips.cc/virtual/2023/poster/71656,"['clustering', 'federated learning', 'privacy']"
https://nips.cc/virtual/2023/poster/71878,['Differential Privacy; Private Estimation']
https://nips.cc/virtual/2023/poster/72183,"['Variational AutoEncoder', 'distributional learning', 'synthetic data generation', 'CRPS', 'asymmetric Laplace distribution']"
https://nips.cc/virtual/2023/poster/71784,"['Differential privacy', 'image classification', 'deep learning']"
https://nips.cc/virtual/2023/poster/73048,"['Machine unlearning', 'model pruning']"
https://nips.cc/virtual/2023/poster/72570,"['data augmentation', 'diffusion', 'vision and language']"
https://nips.cc/virtual/2023/poster/72848,"['Differential privacy', 'federated data analytics', 'discrete valued-mechanism', 'distributed mean estimation']"
https://nips.cc/virtual/2023/poster/71215,"['Differential Privacy', 'Near Neighbor Search', 'Locality Sensitive Hashing', 'Data Structures', 'Range Query']"
https://nips.cc/virtual/2023/poster/70163,"['Selective forgetting', 'static setting', 'sequential setting', 'security and robustness']"
https://nips.cc/virtual/2023/poster/72566,"['privacy', 'clustering']"
https://nips.cc/virtual/2023/poster/72222,"['Differential Privacy', 'Random Projection']"
https://nips.cc/virtual/2023/poster/69956,"['data poisoning', 'poisons', 'unlearnable dataset', 'data protection', 'imperceptible perturbations', 'adversarial machine learning']"
https://nips.cc/virtual/2023/poster/70247,"['Differential Privacy', 'Recommendation Systems', 'Embedding Models', 'Efficient Machine Learning']"
https://nips.cc/virtual/2023/poster/71772,"['differential privacy', 'user-level privacy', 'PAC learning']"
https://nips.cc/virtual/2023/poster/70370,"['optimization', 'machine learning', 'differential privacy']"
https://nips.cc/virtual/2023/poster/72741,"['Distributed Tracking', 'Adaptive Robustness', 'Differential Privacy', 'Generalization']"
https://nips.cc/virtual/2023/poster/70167,"['differential privacy', 'in-context learning', 'trustworthy ML']"
https://nips.cc/virtual/2023/poster/70179,"['Algorithmic stability', 'Replicability', 'Differential Privacy', 'KL Stability', 'Mutual Information Stability', 'Global Stability', 'Perfect Generalization', 'PAC Learning', 'Littlestone Dimension', 'Clique Dimension', 'PAC Bayes']"
https://nips.cc/virtual/2023/poster/70015,"['language model', 'distillation', 'reasoning', 'knowledge augmentation']"
https://nips.cc/virtual/2023/poster/70539,"['Differential privacy auditing', 'multiple canaries', 'randomization', 'lifting', 'adaptive confidence intervals']"
https://nips.cc/virtual/2023/poster/70844,"['Bandits', 'privacy', 'robustness']"
https://nips.cc/virtual/2023/poster/70859,"['Federated learning', 'Long-tailed learning', 'Data heterogeneity']"
https://nips.cc/virtual/2023/poster/70940,"['Differential privacy', 'online learning']"
https://nips.cc/virtual/2023/poster/70990,"['Differential Privacy', 'Non-convex optimization', 'Stationary points', 'Exponential Mechanism']"
https://nips.cc/virtual/2023/poster/71012,"['Graph Neural Networks', 'Differential Privacy', 'Multigranular Topology Protection']"
https://nips.cc/virtual/2023/poster/71290,"['deep learning', 'split inference', 'data reconstruction attack']"
https://nips.cc/virtual/2023/poster/71354,"['privacy', 'machine learning', 'differential privacy', 'DP-SGD', 'individualized privacy']"
https://nips.cc/virtual/2023/poster/71459,"['Personalized Federated Learning', 'Variational Dropout', 'Meta-Learning', 'Bayesian Neural Network']"
https://nips.cc/virtual/2023/poster/71798,"['Multi-Objective Learning', 'Federated Learning']"
https://nips.cc/virtual/2023/poster/71890,"['Data Condensation', 'Continual Learning', 'Few-shot Learning']"
https://nips.cc/virtual/2023/poster/71928,"['Causal inference', 'Covariate mismatch', 'Federated learning', 'Multiple robustness', 'Transportation']"
https://nips.cc/virtual/2023/poster/72051,"['Privacy Preservation', 'Action Recognition', 'Meta-Learning']"
https://nips.cc/virtual/2023/poster/72092,"['Machine unlearning', 'new attack vector', 'Camouflaging poisoning attacks']"
https://nips.cc/virtual/2023/poster/72097,"['differential privacy', 'empirical risk minimization', 'objective perturbation']"
https://nips.cc/virtual/2023/poster/71717,"['Differential Privacy', 'clustering', 'multiway cut', 'min cut', 'graph partitioning']"
https://nips.cc/virtual/2023/poster/72502,"['Logconcave sampling', 'Dikin walk', 'Markov chain Monte Carlo', 'interior point methods']"
https://nips.cc/virtual/2023/poster/72535,"['Vertical Federated Learning', 'Zeroth Order Optimization', 'Communication Efficiency', 'Privacy']"
https://nips.cc/virtual/2023/poster/72662,"['differential privacy', 'beta-divergence', 'posterior sampling', 'generalised Bayesian inference']"
https://nips.cc/virtual/2023/poster/72860,"['Differential Privacy', 'Adaptive Data Analysis']"
https://nips.cc/virtual/2023/poster/72912,"['privacy', 'deep learning', 'neural networks', 'adversarial learning', 'reconstruction guarantees', 'collaborative inference', 'MLaaS']"
https://nips.cc/virtual/2023/poster/72277,"['Data Valuation', 'Differential Privacy']"
https://nips.cc/virtual/2023/poster/72283,"['Synthetic Data', 'Time Series', 'Generative Adversarial Networks', 'Differential Privacy', 'Glucose', 'Diabetes']"
https://nips.cc/virtual/2023/poster/72347,"['Differential Privacy', 'Gaussian Differential Privacy', 'Differential Geometry', 'Riemannian Manifold', 'Homogeneous Riemannian Manifold', 'Frechet Mean']"
https://nips.cc/virtual/2023/poster/72391,"['peer review', 'randomized paper assignment', 'mitigating malicious behavior', 'convex optimization']"
https://nips.cc/virtual/2023/poster/72431,"['distinct elements', 'differential privacy', 'continual release', 'turnstile streams']"
https://nips.cc/virtual/2023/poster/72958,"['Privacy', 'Membership Inference Attacks']"
https://nips.cc/virtual/2023/poster/73719,"['privacy', 'data deidentification', 'synthetic data', 'benchmarks', 'data evaluation']"
https://nips.cc/virtual/2023/poster/72701,"['privacy', 'instance encoding', 'split learning']"
https://nips.cc/virtual/2023/poster/72717,"['distributed mean estimation', 'privacy', 'compression', 'communication', 'federated analytics.']"
https://nips.cc/virtual/2023/poster/72617,"['recommendation unlearning', 'machine unlearning', 'recommender systems', 'ensemble learning']"
https://nips.cc/virtual/2023/poster/73011,['statistical estimation; interactivity; local differential privacy; communication constraint']
https://nips.cc/virtual/2023/poster/73025,"['differential privacy', 'local differential privacy', 'pairwise statistics']"
https://nips.cc/virtual/2023/poster/73581,"['(Application) Computer Vision', '(Application) Privacy', 'Anonymity', 'and Security', 'Multi-task and Transfer Learning']"
https://nips.cc/virtual/2023/poster/72324,"['Graph Generation', 'Local Differential Privacy', 'Graph Statistics', 'Latent Adjacency Matrix']"
https://nips.cc/virtual/2023/poster/71838,"['Differential Privacy', 'Multi-armed Bandits', 'Best Arm Identification', 'Fixed Confidence']"
https://nips.cc/virtual/2023/poster/71330,['Differential Privacy; Privacy Accounting']
https://nips.cc/virtual/2023/poster/71174,"['channel simulation', 'relative entropy coding', 'reverse channel coding', 'rejection sampling', 'Poisson process']"
https://nips.cc/virtual/2023/poster/70925,"['Differential privacy', 'membership inference attacks', 'privacy auditing']"
https://nips.cc/virtual/2023/poster/72304,"['differential privacy', 'selective classification', 'selective prediction', 'abstain option', 'reject option', 'uncertainty quantification', 'misclassification detection']"
https://nips.cc/virtual/2023/poster/72788,"['Privacy-Preserving Machine Learning', 'efficient private inference', 'machine learning as a service', 'homomorphic encryption', 'non-linear pruning', 'ST-GCN']"
https://nips.cc/virtual/2023/poster/71136,"['liquid democracy', 'directed trees', 'parameterized markov chain', 'matrix tree theorem', 'axiomatic method']"
https://nips.cc/virtual/2023/poster/72765,"['machine unlearning', 'machin learning privacy', 'minimax learning', 'certified removal']"
https://nips.cc/virtual/2023/poster/72966,"['Federated Learning', 'Semi-Supervised Learning', 'Object Detection']"
https://nips.cc/virtual/2023/poster/70711,"['Differential Privacy', 'Federated Learning', 'Communication']"
https://nips.cc/virtual/2023/poster/71399,"['high-dimensional regression', 'generalization error', 'asymptotic analysis', 'Convex Gaussian Minimax Theorem', 'regularization']"
https://nips.cc/virtual/2023/poster/72182,"['Renyi differential privacy', 'RKHS', 'MMD', 'Gaussian process', 'generative model']"
https://nips.cc/virtual/2023/poster/73636,"['violence detection', 'privacy protection', 'event-based dataset', 'Dynamic Vision Sensors (DVS)', 'bullying']"
https://nips.cc/virtual/2023/poster/70796,"['Differential privacy', 'machine learning', 'linear queries']"
https://nips.cc/virtual/2023/poster/72236,"['privacy', 'sampling', 'Gaussian distribution', 'product distributions']"
https://nips.cc/virtual/2023/poster/71294,"['Differential privacy', 'offline reinforcement learning', 'reinforcement learning theory']"
https://nips.cc/virtual/2023/poster/70506,"['Federated Learning', 'Personalized Federated Learning', 'Representation', 'Knowledge Transfer']"
https://nips.cc/virtual/2023/poster/69886,"['differential privacy', 'user-level privacy', 'person-level privacy', 'sensitivity']"
